1639929853
1807097925
2362833347
2720125080
3382984760
3932795665
4574754532
6269288822
6425549973
6441677578
6562510705
8635065326
8825745280
9289865440
15482781361
15930395086
24678499884
25381866456
853216891772928
25823513214451713
40310135989604352
45214943682904064
45215063216365570
66511366940405760
74076747666161664
78149902336667648
79178088159784960
86331257755148289
113205820665237504
119771372456128512
127677879059353601
133928244591341568
139267921624043520
143267750134022144
149528999582892032
159950420003917824
161037963017457665
168653222960041984
169024363625062400
195474373287739393
197341899240128512
199862207092236289
200207591996006401
205008313434378241
205250932831817729
205319453544693760
217942753223520256
217975139961290752
218762214444769281
222998499145420800
228110698549489665
241595656643432448
245808543410839552
246226931866034176
247689273703272448
255184456451756032
255982210979606528
258832590474211328
258834493429919744
258843295042633728
259392557996470273
263326800468385792
266462714363269120
272662983606415360
277013100052500480
277341486058729472
278109358800379904
278155852639264769
278890978927063040
279140785901936640
293737439300825088
296889554818965504
298774637519720448
301627205195268097
303238876233859072
309736021036257280
314725532388429825
316235737831972864
316571457704583168
316831160363786240
327198300002480129
328898941670268928
334982498369019905
337952992017936384
341968953343619072
344091382216003585
345904259696570368
346265835582660608
355311773299118080
355315788179193858
358996265549725696
359372351726563328
372731429848768512
373007145064996864
374156456733712384
374247396957380608
375153839047188480
377480117838413824
378067073785937920
379589590337998848
379926899835035648
380682850041090049
381420962547134464
385696763820404736
394838098674462720
400664532663562240
400667242431787008
401320020829306880
404623838883086336
411498244305211392
411498690872766465
412850529656897536
413367690427125760
421953834932391936
422766237743996928
427937644266663936
431858882890432513
432881467371573249
435837667343740928
438279635722579968
438696270736424960
442302501182636032
444878261474955265
447998083356688385
449509857906143232
450884786714722304
451367155695902721
451964405866319872
463289663932088321
464790542782824448
464830106905890816
465059061286068224
468040579319087104
468711547770912768
471769111018889216
473490713771274240
481509036484210689
482194205071409152
486579800627494913
488969226133450752
488970595355619328
488975369966727168
489627827319627776
490129385723543552
495609908767645696
502891051607412737
505687544378720256
507826063410356224
512711995171151873
512729601529749505
516863790030544896
519423855333744640
524124169387397120
524295912433020931
525330816810119170
526662800744013824
526774844906827776
527008328367763456
529171984299880448
531028151250722816
532901224782508032
535359532319260672
536117805608091648
537127643414802432
537305244133494785
538985707919147009
539827051818389505
541109786985918464
541865632669917184
542803306171887616
542950301066477569
544780351852531713
559744484075130881
561497654061174785
561845239850467329
563652294328451073
563697403191386112
564847739335639040
566359061978157057
568009664920723458
570923665812033536
571601521772797952
573789566366261248
575282483975098369
575661518752215040
576387502250033153
582583358510764032
583284619778215936
584343102221119488
584454089574060033
586555404714278914
587931640669798400
590429490863550464
593133495838466051
593764506045698048
596345139649449984
597772410557997058
600178941102534656
601105864519458816
606760915833389056
607267886894350336
611784259171446785
617019892630425601
618450970054381568
621956937840766977
622024991857614848
622043889894092800
624585483654426624
625958895664689153
626324232440516609
633169044477231104
638309250587078656
638330928285253632
638981164900950016
640175298617716737
641994456636502016
642087078357016576
643713283728535553
644138722620014592
646365951760433153
649276589084147712
653244431710199808
653561978661793792
654542205357551616
656041743805214720
656385953246875648
658979931184058368
659317350374723584
661474438525923328
661958661368057856
662357322904268800
662389991243386881
662673504068870144
663786154119045120
664139137356865536
664797112295677956
665078752687300608
665509274051870720
669435432757800960
672375523532791808
672376557466476544
672392242162769920
672809720521105408
673981870456119296
674313970245869568
674517344991989760
675749511797567488
675752133287878656
677108247271227392
677125854254792705
677126125349416963
680003011666644992
687723973690392576
688330184437706752
689844562328686593
692405033237897217
695956416524374016
695971259683840000
697169134174523393
700244342720569346
701044348717240320
701045909384249344
703477165476724736
704306265527296000
704723733005672448
706161017735290880
706598347608612864
712233131038871553
712269835347075072
712518095517130752
716992950346113024
718461241224798208
718755714928349184
719473397403664384
724594735659270145
725245234855174146
729290806310412288
730021691745816576
735563370590547969
736247868953120768
740090738457890816
743345519557115904
746218604119498753
747714370814230529
748208889166954496
750976457992572928
751030014783660032
751365966358020096
751393625670574080
751411733579829248
753999201051222016
754939010489917440
754961798248427520
756383691681755136
757169296212656129
757669504973467648
759776397640380417
760439801833283584
763727520378286080
766319635662770176
772865690420256768
773872477458034690
774613439721373697
775606358972432385
776109899424079872
777429249317806080
777429497498959872
777595271668756480
778617082724421632
779038755269275648
781396423254372352
781932888040280069
781954173441114113
783569219975774208
784140762661412864
786302348356378624
788058280274825216
788644884714520576
790168317986279424
791262206121930752
792673525991665665
794271233298857984
794939896834224129
795941092864704512
799604016535707648
801487648087015424
804083100712128519
807129403406872576
807977763491741696
808341921022279680
808359466009825280
814450194494484480
816700028521709568
817130635584274433
820289396717092865
820309900161126400
821008799150538752
821066695255162880
822076972276862976
822511943865012224
824675503982411776
824929537989427200
825353589312860162
826498143151861762
826714248625664001
829290722276868096
830698951011627008
832518660774305792
832527519215648768
833150161807409152
833999950245724160
834835058749997057
836956864491433984
836960539418976257
837201740923559936
837287440612274179
838817006417752065
838881570056450048
840864530125205505
841952304643338240
844502009256534016
844538058305421312
844590136260280320
844971635862048768
845555102333243394
845578441881780224
847473655856513027
847762471616204800
850076929432502273
851716992671330305
851767282120392705
853723078219767808
854276594906652672
854737649961234432
855167266580836352
855167790558437376
856540645326032897
857152468970594306
857185291299323904
857547284309037058
859677207245017088
859736647893647360
859888829431521280
861296383696961537
861932179923841024
862697763095666688
862994641381183488
864518964952616960
864885365777346560
865173683521949696
866526042634166272
866645562673725445
866663827370323968
867097147891699712
867512413255585792
867603164257824768
868169992126201856
869069523134980096
870314682468454401
870571139361386497
870573748730122240
871983996560961536
874990423655297024
876103786812633089
880726987014385665
886592631156899840
887495061973413890
888335716450783232
888463197895876608
890210403585859584
890978979255128065
892666645575020544
893823172998549505
894862629524697088
896384391735279616
897072973110181888
897469056302895106
898163205205315584
898625376271835136
898846453061177344
900637630672646144
900683325387440129
901497592093302784
902031487733780481
902103937234456576
902262564754731009
902534269297446912
902872444393971717
903020964677652497
903618446113603584
903637719951314947
903640401441107968
904413910379454464
905424077501976576
905543073580675073
906235068716392448
907161726910693376
907246312231497728
907260010752888832
907910790946095104
908254647575629824
909031496387825665
909397816455417856
910259641988386816
910933170098462725
912095323853606912
912241868506845184
912244305187753985
912245361552609285
912270563497975808
913313235956326400
915983186689224710
918563200618070016
920527836179558400
921699118531129344
922789301888438272
923105053174648832
923908937694547970
926474714364686336
926693357279154176
926733539353210880
927246410214453250
927807251569659909
927861269054607360
928643177199886336
928684650901405696
928913589641142273
929286151277547520
929376819056447488
929661787015974913
929675517762162688
930009416220463105
930027964766523392
930097074191953928
930789672149712897
930835942465789953
931163619005476865
931475242580631553
931880925104816129
932235311383482368
932330077500657665
933303187049762817
933595899854512128
934718994266902528
934719325298200576
935199659617869825
936155703999451136
936157087675092992
936157170504228864
936222041975480322
936245229463711745
937319606699601920
937689014316003333
938028683041878017
938348864209375232
938377367252295680
938516901394776070
939549074101035008
940882868108234752
940924202382741504
941244263056199680
941677584080875520
941690586653917184
941906361494966272
942017437087731712
942103786272776192
943025888416874497
943031980752539649
943242672634040321
943564299594854401
943601796001431553
943728154312572929
944663946858033153
944948099855904769
945968883353219072
946414463745449985
946843376992837633
947083275385888768
947100560607637504
949559904335024128
949595307280609280
950678413609701377
952431059483922432
952948166021836802
952974803224416258
954269096593551360
954673181079597056
954690974818631680
954756965959335936
956199044908507136
956212634994475008
956282670287343616
956472498631176192
956528599665991681
956540427489955845
956638645120888834
956766893607497728
957977735133126656
958369535836479493
958766264582856704
960425138029318144
960477956870234112
961314084783378432
961651822472650752
963505595981721601
964157801504432130
964839075890040832
964862165655093248
964936224170561536
965570113889021952
965903343246888960
966728235211001856
967424765635039233
968088657964908545
968399949519118336
968540036533768192
968563714864664577
968590415057301504
968711230092439552
968750994397061122
969620317726498817
969626941220323328
969632914878222336
970221402128338944
970360947507417088
971755361538641920
972186389881196544
972543554299015168
972847137796034560
973204503993470976
973566526329671681
973575454685884417
973870233403510785
974025088822587392
974052585110949888
974239613085732864
974920334167158785
974987117645451265
975296291378028544
975766863207653377
975842133323198466
976025049835753472
976373502436667392
976904553630224384
977806373273636864
978296415473545221
978567055749386240
978570318200664064
978608058782961664
979708704349216768
980355857614548992
980415773171646464
980748059436044288
980788861675679745
981232388326948864
981232535316332544
981462589925396480
982152148694720513
982225782587060225
982562549970493442
982891081137352704
982997442147835904
983051067834413056
983080262664970240
983600827398086656
985047900660039680
985065860074176512
985140450968457217
985180355224326144
985561484104228864
985615333292740609
986507858069082112
986509580552286208
986635866398515200
986737778011590657
986847485938294784
986896503083094017
986967271875710976
987306186109341697
987355310439444480
987591554155122688
988286844218544129
988761058167967745
988772971706806273
988813849846599680
988821861076217859
988849795019296768
989059251317428224
989450519000375296
989466066215751680
989786796711084032
989955952567898112
990181574351245312
990325104654585856
990690340356096000
991223306475986947
991606380518957056
991803355709272065
992662296282521600
992757341836673024
993171763453456384
993349921569898496
993367463252365312
993765308593770496
993775388739465219
993776094171074560
993778120229621760
993812357158711297
993835553727614976
993941264742670337
993975800511782913
994107044096593921
994539389983305729
994871177020608512
995248915439144960
995250513389211648
995254341631201280
995724503564083203
995758689264066560
996664174943068166
997356991633911808
997406111878860801
997480463110459392
997480908474241026
997573990888759297
998145752856657920
998490442957295618
998585635152723972
999291903685349376
999928235952517120
1000323949425778688
1001372930973032448
1001375244224028672
1001477403284246528
1001539221469921281
1001783686751248384
1002089749350375424
1002563396259274752
1002917872371490818
1002981048853172224
1003553783790604288
1003884235487371264
1004369236637179904
1004413600885288961
1004479972227145728
1004672965303242752
1004678285400395777
1005476105615282176
1005764754210787328
1006165100301078529
1006275815984762881
1006460081909698560
1006468504252485637
1006863721568833537
1006886067377725440
1006888190874214405
1007234229946781696
1007288373596352512
1007300326020583424
1007307537434148865
1007313516376809472
1007573266305871872
1007573522737254400
1007622747495727104
1007626015223500801
1007717385246330881
1007719186259496961
1008299328358748160
1008383594962870272
1008627355693314049
1008660654092374017
1008798887929352193
1008843796396863490
1008954115966324736
1009106920022728704
1009118848287584257
1009182225622061056
1009184105672650753
1009186295904636929
1009331218553475072
1009363462709968896
1009397472068857856
1009426087179423744
1009438960186249216
1009448656800505859
1009480745642090501
1009511978358931456
1009523884150927365
1009534948313878528
1009698448533270528
1009741232510328832
1010879658953461761
1010949148655353856
1011183116134871042
1011187935394353152
1011512004463427584
1011523723281813504
1011587368346845184
1011592095000420353
1011602873296281600
1011607195748831232
1011618589240102917
1011624395083837440
1011629245750300678
1011686292592218113
1011946498790047746
1012063906813169664
1012238026108522496
1012627068989984768
1012644074141122561
1012713502975365120
1012772093870604288
1012944076398825472
1013130482685562881
1013136109902225408
1013734624592318464
1013801171025321985
1014443132115738624
1014457535661858816
1014804927347126272
1014904658706432001
1014956102318985221
1015178305258119168
1015231120164696067
1015506770754723840
1016700503927947264
1016702830315491328
1016980758714638336
1016998891600916480
1017056097155379205
1017061243297959937
1017079796138938368
1017081833392099328
1017086836177547264
1017169477367160832
1017447406621941760
1017698964919996417
1018459173523214336
1018703247350083586
1018969417458356225
1019575423330652160
1019930609374908416
1020556022073708544
1020631531847585792
1020733359541145600
1021083162687025152
1021083775147683845
1021419271979716610
1021740009093832704
1021744306028208128
1021748323433230337
1021814190565154816
1022047837557796864
1022057144399618048
1022222769784848391
1022582642787733505
1023481456797077504
1024048786476331009
1024566227560267776
1024668145783648256
1025014204905009152
1025274594381516800
1025726271932780544
1025766480783335424
1026077579760087043
1026078284927459328
1026079171380957184
1026080002549403649
1026090142216413184
1026143585241112576
1026345254964940801
1026354099946704896
1026836847555686400
1027235686473195520
1029308904436584448
1029389226209619968
1029691234846171136
1029780169232461824
1030685734255046657
1030818549164593152
1030870649647054848
1031063546736635904
1031273247084560384
1031518247911415809
1031849354947178496
1032199996819611650
1032218017952944129
1032220105038618624
1032565760323923968
1033073295330033664
1033737969348358150
1034156292099776512
1034332715737403392
1035671911320182786
1036532016899084288
1037634878588821504
1038005106405502976
1038056722273853445
1038367093782179840
1038475974747324416
1038545645932630016
1039430661939941377
1039439024396619776
1039521430168190977
1039547559163904002
1039564975143104512
1039580412518051843
1039829155536429057
1039859279870808070
1040466459468750848
1040490576154644480
1041002716003225602
1041607066316623872
1041608773830361088
1041625665748000768
1041629318319951872
1041680383773949952
1041775315566112768
1041945427854221312
1041972716507738113
1042665596062720000
1043449966168104960
1043505426707427328
1043557400958197760
1043888418307158016
1044113239104262145
1044241840491442176
1044574582617919488
1044891067487793153
1044989239665012738
1045002410077417474
1045239503403831296
1045262376042450944
1045282107323568128
1045609906341056512
1045905286253477888
1045906088682557440
1045911103576973312
1045986705264791553
1046045116983640068
1046064089091510273
1046068720643321856
1046134274267729920
1046376345218011136
1046383981598576640
1046651097748828160
1046709360704081920
1047503239342645248
1047540404516786176
1047608423360151552
1048145266224848896
1048172924878934017
1048456733335740416
1049185785445068800
1049301846542757888
1049342246338879489
1049385446768283658
1049677725290647554
1049760218631065602
1049947722558709761
1049953985157840897
1050004124484407296
1050030086609604610
1050035120588115969
1050321498546810880
1050336545994145792
1050353151147208704
1050491902875840514
1051094399382409216
1051140846584832001
1051352464837025793
1051849443002212352
1052465105345146881
1052511213202984963
1052546270420770816
1052546489187229696
1052593635135553536
1052657678529548288
1052659987556773890
1052835150822875141
1053002811712184322
1053229010703077376
1053231142193762304
1053278856973565953
1053332831605284865
1053386323019599873
1053409596063277061
1053514192886599680
1053741023900393472
1053933345338548224
1054045463513567236
1054085057105797120
1054338724119625729
1054350236406161409
1054357656469753856
1054746525383974912
1054751732859895808
1055081147007467520
1055347539216687104
1055439807294377984
1056171509432094721
1056851486527893510
1056914773181390848
1056957772074532864
1057233210965458944
1057287658064482304
1057979831399399424
1058361289079185408
1059389545932828675
1059415729433468929
1060061128108228608
1060150840785276931
1060174860440293377
1060424027351724032
1060467873150308352
1060489583568281600
1060490059315638272
1060500059597537281
1060538270067630080
1060615637746282496
1060634680385564672
1061532737771917312
1061928744640831488
1063107790397419521
1063108950755807232
1063387566551064576
1063411799326900224
1064151068815314945
1064216935292907520
1064282700431990784
1064378679290150912
1064450723792982016
1064464374528647168
1064552180626219010
1064767245769936896
1064804492166791168
1065162708008558592
1065163155201028098
1065226079961587719
1065276822198394880
1065368445305479168
1065543645061885952
1065584455354642432
1065603494567178240
1066006359093727237
1066237017330253824
1066242552221839365
1066436389829558274
1066549952954974208
1066645350574895105
1066833044265492480
1067066167389376513
1067087214188859392
1067178541492641797
1067400542081683456
1067735698231488512
1067752179790942208
1067792132839284737
1068078189266837504
1068086193118679040
1068106343721172992
1068106638081564673
1068121215078973440
1068129809757290496
1068141015171780608
1068156785515741184
1068161021062406144
1068171802038423552
1068178699269353473
1068247365365219328
1068396096332984320
1068486675498700800
1068548636458524672
1068549534169669639
1068569956038713346
1068571874081341442
1068807524374274048
1068813470991302656
1068829943637950464
1069006480748290048
1069276491165433856
1069513510860800000
1069605280302989312
1070236657104904193
1070583456361533440
1070645277105799168
1070703468967538688
1070969138598821889
1071534388368826369
1071697829045956613
1072063231680757760
1072066754728333313
1072112267909566464
1072128489954926593
1072129003979464704
1072131598596927488
1072147444274814976
1072429702265126913
1072438503101878272
1072915081674014726
1073483052477747200
1074299654089650176
1074327587546169345
1074421074794811392
1074611117043912704
1074977531336495104
1075467375418462209
1075749301974904832
1076162223926640640
1076199768748187648
1076592230591332352
1077897624290844673
1078107749685301249
1078678226799607808
1078698316832141313
1078725510094569472
1078778289232232448
1078971515968933888
1080148864890478592
1080439121632550912
1080442203309260800
1081478027891167232
1081510402100482050
1081521140265353222
1081569464058105857
1081600584132820992
1081604066868899840
1081612416272744449
1081881536843128832
1081881675183898624
1081883600939827205
1081883769999638529
1081884750716067842
1081886313245274112
1081889719913463809
1081907320836276224
1081982243340455936
1082028965085282305
1082224987925303296
1082439022167932930
1082591558002794496
1083085509495263233
1084466054817026049
1085104243667861505
1085261527316393987
1085430215499751425
1085578295050203136
1085820051666669569
1085827700013613057
1085860326204211200
1085920140020121600
1086299705829666817
1086323323049529345
1086349954707124224
1086624939472551936
1086944027931480064
1086944059602673664
1086954727684751360
1086970581600423936
1087625761232748545
1087642911070658560
1087679519836651520
1087728127160315904
1088002168991420418
1088002553474887681
1088014198406299648
1088092491281321986
1088173884719943680
1088364087472517120
1088390455883194369
1088527720823304192
1088539990248902663
1088816980323459078
1088838132508880897
1089106424385413120
1089469276409528320
1089510227001729025
1089910916710309888
1089967815203962880
1090157379319185408
1090179515421208576
1090222172914765825
1090233590598774785
1090262780131692544
1090264560605396994
1090605749221421058
1090746217338994688
1090877824129527809
1090886920983494656
1090898464622501888
1090904313164115968
1090904475634728962
1090979427972988930
1090979772879040513
1091210730509139968
1091359720059883520
1091443921383768064
1091605548750065665
1091683255512940544
1092035572019986432
1092335170806579200
1092374616235036673
1092374836264009728
1092394856490639362
1092436403596808192
1092794326671941637
1093137785333129216
1093202148303736833
1093456874102501377
1093568175952793601
1093777531633913856
1093851957511573504
1093956909323960321
1094577378410590208
1094580865609486336
1094595266584432641
1094607023340163073
1094608285351792650
1094697599242776576
1094882447408488448
1094941736298835970
1095221115088265216
1095256339411013633
1095337871278407681
1095662946343112709
1095707682630176768
1096046666069803014
1096185949543903233
1096319597937082368
1096714674559692800
1096805993948868608
1096841481627811842
1096851287197523968
1096881377264447488
1096890958111744003
1097073593752711168
1097106830524907521
1097131593578229764
1097429742033297408
1098915307794554881
1098936326626385920
1098997474012876800
1099788184349802496
1100021675117162496
1100285133805010949
1100310763225432065
1100331903750676480
1100356732793077760
1100568784463634433
1100712436309610496
1101072575462064128
1101225175570362368
1101526725723328512
1101826004719411201
1101902294663262208
1102481446722244608
1102698743516839936
1102867787842756608
1102933227180908549
1103333969708437505
1104096350793281536
1104445709447770119
1104669056748187649
1104687976150433793
1104720169568477184
1104725344769183744
1104849290235707395
1104862665111941121
1104985834380500993
1105144239934066688
1105378270869159936
1105544662536855557
1106125160422273024
1106150549404205063
1106474057615228928
1106482596538707969
1106482810540437504
1106523983078440960
1106552281879728130
1106612451469082624
1106813333313912832
1106868428646899713
1106883356900368384
1107261783486726144
1107544544835522560
1107611054878744576
1107912475511537664
1107947637108600832
1108001182633639937
1108001212274798592
1108083990047674369
1108105742630961152
1108418849379106821
1108422457898221568
1108463790432153600
1108791181616517122
1109066926238720000
1109067258964467712
1109410620078727168
1109426544555016192
1109564816472133638
1109884273148993536
1110078242889912320
1110083876460920833
1110317316355575818
1110429955924652032
1110521217876938752
1110538379412865025
1110549021406433281
1110551535082266624
1110919641646403586
1111317409892315136
1111518260422418432
1111528796425990144
1111618645828997120
1111629707676663812
1112035665301159937
1112361514265124866
1112655022179958785
1112682847544979458
1112780506121363459
1112966898667413504
1112998484062429184
1113021355757355008
1113347343422775296
1113429237736800257
1113431211383435264
1113431364613935105
1113481017367699459
1113724739065982976
1113736089192284160
1113743138571673600
1113752398072295425
1113760108012503043
1113776018949648386
1113782980374405122
1113800312446496768
1113830742541393922
1113864860742426625
1114111160247255041
1114796261486546944
1114806333243633664
1114808622037569536
1114813701566160896
1114828357324222464
1114835205926400000
1114868450726424577
1114880977875210245
1115444602155220992
1115565750482362368
1115620631414890501
1115669884854251520
1115904606138138624
1115934581079859200
1115967763204464640
1116261888826933248
1116281713020346369
1116640694242770945
1116684965545164800
1116692836945207297
1117452398669307904
1118504442242977793
1119695374753648642
1119892760960614401
1120239995598594048
1120636193010540544
1120647688972840960
1120783994331828225
1120808308942745601
1120813969101533185
1121309804096630784
1121323707144855552
1121636870742351872
1121812865181257728
1122165084036399110
1122199003830026241
1122404927710605312
1122436186583261184
1122750445754122240
1122853999345057793
1123610813913358337
1123838148361031680
1123906290160406544
1123906342257856517
1123942896204439552
1124025341985665025
1124309696746348545
1124678319763599360
1124940320049979392
1124969536632102912
1124987697515454464
1125030312570970117
1125135883345305600
1125324355079213056
1125363663400050688
1125728848052740097
1125766679777161217
1125803697525669890
1126337245118468096
1126392186818445312
1126393892738412544
1126395450767048704
1126745555957309441
1126746469497692160
1127097368925614080
1127151248313073664
1127152470558433280
1127594482906669056
1128978737574371329
1129031277007507458
1129033261781573635
1129069439578705920
1129076303829917696
1129105720048275456
1129365911893360640
1129371181939929088
1129382790229823488
1129443114173829126
1130749794660560896
1131076746986631168
1131193985408655361
1131254007048101888
1131466135117979649
1131489261029609472
1131493278145294336
1131537379024613377
1131542877903949824
1131912533676351488
1132180879634251776
1132198070232461312
1132543554834882561
1132578162846642176
1132984366873882625
1133050593390551040
1133628911399636993
1133690481211334658
1134097881735016450
1134736105025220610
1134874693171929089
1134883177867165696
1134893019067551744
1135117323361226752
1135178160700608512
1135811935029596160
1135871861789777922
1135953873842188293
1136022362573475840
1136211427088314368
1136586684211113986
1136757933809786885
1136996155768881152
1137823144050405376
1138331074021535744
1138454110531969024
1139260152597614592
1139415422925598722
1140326620701626374
1140530812888244224
1140535007129329664
1140996061387022342
1141316170026561536
1141409660689408001
1141444533865132036
1141671551185670144
1141692961824104450
1142083307951329280
1142685694030241792
1142910804678852608
1142912600360927232
1142913599830200321
1143018823899058177
1143038847384788992
1143066214312415232
1143427955621859328
1143452964067172352
1143499421197447168
1143525236190732289
1143628423023202304
1143765359134199809
1143770325089472513
1143832652539191298
1143837691496284160
1143839421231443968
1143853455842455552
1144152991462825984
1144175787551182853
1144977709895999489
1144989846437543937
1145034197649768448
1145082093401268226
1145556609432772608
1145694639036469249
1146071880929107968
1146131581456793600
1146136107161149441
1146148356810518528
1146175730247786505
1146302294033653761
1146369856780099584
1146425022141124608
1146738980639191040
1147149091274706944
1147406191477346304
1147603241011752960
1147935944424771584
1148254783419105280
1148509278472421376
1148516481073864704
1148530686321672192
1148627651034341376
1148673920062504961
1148932173556264963
1149185394824613888
1149217742530252800
1150068391392284673
1150096649173250048
1150284050566918144
1150460445188415488
1150693559974158336
1150981513183420416
1151049133714788352
1151050694826299393
1151051131407257600
1151098675772440576
1151107451846037506
1151414663390908416
1151440217217339392
1151763428064841728
1151872916084199426
1152416625792036865
1152581244661710850
1152621152524746759
1152998607752245248
1153188984069267456
1153291963854217217
1153700562292170753
1154512456560984064
1154633039030489088
1154857119792926722
1155032596994240512
1155168702029008896
1155441711105134592
1155599619776307200
1155754739113615360
1156119759882244096
1156148724378284032
1156297645834592261
1156444527743373312
1157247727132127232
1157723160814542848
1157972800545677317
1158770261677789185
1159345257521340416
1159523300189593600
1159704643523534853
1159706961656631296
1159708470331002880
1159708785012879360
1159709315017641984
1160185823909883905
1160565577435537408
1160900660751216641
1160931358706999296
1160940312644194306
1161162565617168384
1161350801144631296
1161547382699560960
1161600968129167361
1161620689545256960
1161623378593222657
1161640095344156673
1161909615698829312
1161912929341644800
1162279363271782403
1162279371589111808
1162359781153263616
1162372200550293504
1162403935111516160
1163391567970918400
1163736950290993154
1164052913012072450
1164160720075919360
1164165440282775552
1164247142606811138
1164534439411687424
1164600222582018048
1164775578622283776
1164802451301552128
1164898814806962177
1164918592045015041
1165325436198490113
1165943090802241537
1166323877087260674
1166421952359280641
1166592479535292417
1166650199567196160
1166659187692244992
1166717082106585090
1167424199616544771
1167479345721544706
1167800442354655232
1168108025217003521
1169323143363739649
1169577011544809473
1169582911529598976
1169644973085679616
1169698974363803651
1169854673525690376
1170023824055779328
1170025133731450882
1170028463580950540
1170425035707863046
1170449244995641344
1170568136426479616
1170626441903583232
1170712286467710976
1172054933945966592
1172117899974184961
1172500443672600576
1172927242613198855
1172930856836636672
1173205421710090243
1173213093062684673
1173257301505073153
1173276798756544512
1173287821148340225
1173362159000178688
1173578141895405568
1173578252142747648
1173901400960622592
1173911826637230080
1173940483653087233
1174310876284956672
1174700466598490113
1174717470399242245
1175425089405411334
1175785718871928832
1176071335459602432
1176130642486206464
1176162627409629184
1176538255661178882
1176568721860694022
1176750774552018944
1176809509702029313
1176820851301408769
1176827675987632128
1176851019004817408
1176855670605406208
1176942941228679173
1177255858226565120
1177580805335502849
1177684792135041028
1177932536846196739
1178216888821800960
1179011106335072256
1179383840093216768
1179397637637857281
1179656200021008385
1179662712193929216
1180471121772240901
1181175486845571072
1181295215149305862
1181611717765320705
1181821879801319424
1181835944107880448
1181840156455821312
1181847349238218752
1181862631466000384
1181867695429554177
1181885892492976128
1181888471608315904
1181908585946726407
1181957994113835017
1182004301553704960
1182004659403268096
1182210841745211392
1182266382718771200
1182583410012971008
1183272084019056640
1183317777567961089
1183666098010578944
1183738477168545793
1184003650345144322
1184026410496729088
1184062513077469184
1184114257929080832
1184168974885543941
1184470838206177282
1184532171966599169
1184606587807248384
1184760396240113667
1184765219110903808
1184789840556109824
1184972269728215041
1185178520382779393
1185179561455054848
1185239991624048640
1185249262919135232
1185626796584255488
1185936172519972868
1186184907791486976
1186530926634950657
1186631847645724672
1186763938144423939
1187053324434116609
1187277032759140352
1187383509582798849
1187428208897155073
1187444743330062336
1187692724348162050
1187729561787731974
1188070958822842371
1188078890331377664
1188109986238517249
1188712263974375424
1188761282729648128
1189130042527363072
1189500357426253827
1189851545329909761
1189858178965618688
1189870526673625088
1189878298186330112
1190159828896882690
1190297880923426823
1190300050129346561
1190611505961672704
1190616106052079616
1190630214587633665
1191367239112495110
1191436924285796354
1191668742054404096
1191686055449300992
1191696310593839105
1192060719438716928
1192350123243851776
1192791058561847297
1192797540099473408
1192860953118945280
1193167626761101312
1193621573292478467
1193668535702167553
1193673789948727296
1193841191143530496
1194139373060739077
1194617501100982272
1194617665450586114
1194618220130570243
1194625903122272261
1194642544564588544
1194970358291546112
1195008894831136768
1195014702310526976
1195086276447342593
1195251256362782720
1195252657658777600
1195296994811695104
1195349356989370378
1195365679744135169
1195400275055525888
1195453240781000704
1195663690181332992
1195664712677150721
1195680272269938689
1195803644354011139
1196797065872977923
1197454910767456256
1197863879960858624
1197895327883374594
1197975294763847681
1198002601285029890
1198524957149544449
1198891422222557185
1198892641875898369
1198918101317931008
1199015791489888257
1199042257678196740
1200009835925950464
1200084141892685825
1200131383236210688
1200333644759523329
1200444681345273857
1200445854357737472
1201047081621868544
1201168620572811265
1201459216449445889
1201635310242816002
1201885541446377472
1202137653656932353
1202204077565906947
1202283333322989569
1202493610878537728
1202585359038734337
1202707811509116928
1202915991736528896
1202961864122159105
1203242548912898048
1204092074120888323
1204163596374151169
1204349398601420800
1204364526201774080
1204703247757455360
1204725551711313920
1204736349091311616
1204739851884662785
1204745285303443456
1204869037005713408
1205027754581909510
1205109558043185152
1205370646198411264
1205393736651411458
1205401450152636416
1205501717850284032
1205637254749839360
1205787351005515776
1205976666809544704
1206197296217624578
1206337459354841091
1206513836750184448
1206913064425213955
1207647105801768960
1207657600906670080
1207664766505947136
1207987231983644675
1207990521169416198
1207995192017588224
1208018719328342018
1208337404773437440
1208642799094157312
1209105980870578176
1209170491350622208
1209409653408485378
1209808065572298752
1210135092573724672
1210136900788461570
1210703954297937927
1210932517777358848
1211047549546704903
1211230984412241920
1211325445372817413
1211357817589960706