2720125080
20870706658
16203096224956416
46859460743933952
47241306170343424
116811930152345600
199233196678852612
199932586867441664
199939652919115776
201577321654796288
202325099775406080
205385076584886273
207822457145524227
218753723114061824
219774231142084611
225928843037405184
227435117595992065
250520074547507200
258879204182077440
273822033962475520
273909797865267200
277731775709605888
281381784460075008
296893676691542016
299760160203755520
303432376393035776
305296313346576385
321617233182863360
323049179737903105
323518903781322754
329919711389306880
340500608496852992
342576938096939008
345224531641769984
347668938496282625
348554260381831168
348705342261166080
357764006045421569
360795716555247618
360834922946105344
361049687194746880
366883213928435712
374782589158326272
380944622781870080
382493417265430528
385165275248594944
385784967998873600
397467232160448512
400767183883866113
421309450910433280
422020505148063744
430001442494349312
431006609217568768
437543505368723456
445132976490569729
456810511984635904
466861977701462016
479656297319915520
496404503235940352
499299998543400960
508258813942984704
535009479197470721
542269173393817600
549982824154275840
553166819872505857
556048380741554176
556403486464942081
560743943865106432
563702201315758080
568749293185724416
582478027768102912
592224757149470720
592961773734592512
593133495838466051
593725477770133504
593856541092098048
595560134350401536
597019633640693760
598392358284197889
598499589998653440
604586397966733312
606029548094898176
609666274461937664
610151426896039936
612261676205871106
613065259029516288
613478912564305920
619616967314513920
620294780887674880
620530013213958144
622735719770005504
629212360629166080
633880700626857984
636838651884908544
638594235789393920
641248178046681088
641547664149118976
642422918413217792
642987579172896768
646186034317930496
649910263039266816
650243193431310336
650324489511636992
651873554678554624
652421023648870400
654950867402125312
655016221100912640
655324409297829888
655844702571335680
658276516221079554
660095340561985536
660408499868971008
663633067639242752
664170463950733312
669176521131716611
669438262331768833
677563447106736129
684486635619237888
686514682711138304
687983883615350784
689901870073147393
691541707247198208
692078490577956865
692406508051664897
693909854793105408
697528375703969792
698178170076467200
699159593168011264
699508545935581184
702407483294351360
702979069193932800
706620417163849728
706963292820996096
707329267655434241
709772885758500864
709810633550778369
717330635598249984
717404352621780994
717633266623373312
722175116550021120
723786469995888640
730009880652873728
731945618059448320
733978911164485632
734640776005734400
739553694786670592
739810297737818112
739812698217717760
740046094743261184
742613401763995648
743504888387244033
743507132679622656
744089622549008384
746195710605819904
746224298755424257
746230426847481856
750038408312029184
750988324987338752
754023454379241472
758198093674319872
758663543910723585
762255081836339200
762382892035104769
764537555396268033
767740378472706048
770705844384174080
771001709766250496
771631145188401153
771667283294859266
772072458887233537
772397681390092288
772492000629235712
773550900535263232
774928777503711232
775992975893692416
776038524646723585
776646541079633920
778712658459578369
779983658681769984
780025164109053952
781446477356883969
781770547319468032
785188994363584514
787385856789192704
788004062314762240
790271608690774016
791215474344419328
794135737302126592
796256772646440961
796303758644957185
798108150087847936
799249367261650944
799719802701049856
801341746361864192
803212215386075137
803502398723526656
803509423440363520
804403664832122880
804652946935971840
806481479731658752
807546839004278784
808581115388669952
809365558026190848
810018695611289600
811095972294098946
811503402203156480
811930752497684480
816178783359299585
816301155315838978
816344173448142848
816746414986379264
818092493539606529
818804184761901056
818896021707223040
819233498653409281
819338274280001537
824178335769128965
824533034183618560
824568654826209281
824580783012741120
825042274597867521
826426214713810945
826705308013752320
829132509816422405
829133304351846400
829330986882170882
829586134095237120
831179748185370624
831212793277906945
832286360488775682
834873438393229313
835929254894452736
835942560539557888
840222206059765761
840243684948004865
843005065250201600
844206250564997121
844652174957273090
846094282893262852
848616705689604096
851330513734430720
851355243002683392
851430471280058368
856213821677088769
856251735207276548
856384621050724353
857107673627709441
857223579951403008
857478453792256000
857541333371817984
857862093529378816
859078736901283843
861242838436249601
862587264769110017
863440907839918080
863630597100646400
863805567017639936
863812015072178176
867703331011137536
867743945660530688
868158812955475969
872209957533474818
872537154202849280
872799196058963972
873860309034860544
873975662452846592
875271459555467264
876379201561128962
877249376049123328
877286480779108352
877858720872398853
878996178997739521
879630985113079808
879747820051460096
880128878706126848
880714587309580288
880911292814557184
881184954448826371
881780835459969025
882228313858727937
884417598577938432
884754407891640320
885944730781175808
888703450170757120
889034105668677632
889522630780432384
889725249591402497
890874679879229440
891607638982746112
892445854845595650
892846120669511680
893716522602049536
893867319113506817
895681927960817666
897046534990290945
898458447078973441
898458592008957952
899544691267567616
899935695413948416
901793368111538178
902518858082381824
904337673862696960
904405168975904770
904410474430820353
904412191234895872
904413719148593156
904429157819584512
904980716966080512
905051655053434881
905311102363463681
905541342473973760
905709436618108930
906767980020858880
906920333525098496
907189270632333312
908331604610822144
908593196439097349
908740746106277888
909010981963141120
909014484370550784
909358655232991232
909867549453701122
910601575864979456
911088620622168064
911880590105960448
912089004954279936
916345886401286144
916977292831809536
917112695874293760
917805806892081152
918192120065871872
918465632613617665
918544954670174210
918570529627525120
918601668849172481
918867225381167104
919273731784167425
919327553004949506
922740997842497536
922747082242514950
922762586973761536
923837219240071169
924599798552023045
924993674278260737
925301099933904896
925737633703251968
927263870401548288
929813155018100736
930172789297991681
930190604742660096
930855634546954240
930858575244783616
931083767896268801
931447507116331008
931567056629137408
931776327409192962
931906181089714178
931968209544245248
932226718026346497
932254407407882241
932368492770353153
932372788719046657
932401153177817091
932402794522402816
932426657201258496
932916157853655040
933013642097905664
933301503066038272
934674026210955264
934754227079057408
935194420303028224
935434975742234625
935508338443505664
935853255468421125
935891805295570944
935974338817331201
936157087675092992
936222041975480322
936531177388863489
936548346935771136
936560683864518656
937319606699601920
938439023231676417
938809960716230656
939179824438013952
940284401732194304
940605740816961538
942701898427191296
943139926782160896
944259705337274368
944294573437849600
944530414265303041
944902233082204160
944952851905830913
945575257645166592
946421563800383490
947050835690782720
947482039737077761
948176818787536896
948262396614840326
948262528630607872
948484073537884162
949020937256603648
949425342724366336
949613566616915968
949688664178790400
950301866184839168
950361522353647616
950479426806050817
950755185541963787
951104740737404929
951139121329819650
951542573918769158
951724441746182144
951783702979338240
951849380750987266
951870114349174787
952212239628554240
952280890549391360
953022366371729409
953189435142795265
953231246255099905
953266940918816769
953638379966685190
953819554232365056
953914328541028354
953998630423355392
954105783356190720
954248350374690817
954316807330058241
955150966055231489
955402178721665025
955519858074181633
955817315370721281
955848858336223237
955914098922975233
956204705251721223
956582561920245760
956613822101508096
957009414061481984
957213199442612224
957897274901909504
958223678960959488
958490456731586561
959700458846801920
959821347244429313
960072745399791616
960103280616583168
960159681586098176
960631535983570949
960919862741819392
960926599880245248
960926823772246016
961171914562637824
961248179156127744
961249644469784576
961372257066078208
961496113521012736
961540413311119360
962622563892563968
962625536131465216
963006556668297219
963054855739854848
963155687101616128
963735388245364738
964096235643854853
964285667940487169
964397209541271552
965709207562543104
965940095453925376
966607539545796608
966614988508008448
966623585753354240
966654662983155712
966775472888655872
966970616678150144
967839384648212480
968125954022354945
968227363849932802
968468543720304640
968813980549636099
968851699686404096
972437666104008705
972525074162036737
972746116876918784
972815536173219840
972840014026600448
972946454926057472
973521299665539072
973525358044696577
974264776137302018
974540538748661760
974565692858085376
974664004562923522
974699240457932802
974939310486183937
975689043815038978
976036529721298945
976088793030815744
976115780956942337
976147452385484803
976449125444128774
976476932597518336
976566400843157506
977093748265029632
977117720880779264
977177991481643014
977505394883997701
977648606672052224
977891531494514688
978568550880350209
978650393172471808
978861251114790912
979656056426106882
979701926794268672
980058102031581184
980330830773047296
982869693999603712
982974509811687424
984776443740778498
984817967463624705
985052899750400000
985517306112507904
986339375452774400
986592316650606593
986846381511004160
986871339750486017
986910537454882816
986998306269220871
987011557560340488
987067852460052480
987337207588511744
988783307117776898
988866405209661446
989176931689091072
989186824068313088
989188936852496384
989208979854319617
989398112509808640
989522161080635392
989643238742085636
989786796711084032
989806460795269123
989897725838876674
989915180833366018
989922231739404290
990138549822541824
992067721297911810
992274661512654848
992322789116973056
992661604952092672
992667238888103937
992693618044555266
992795107614224384
993123437626515456
993722321419538432
993852361868267522
994585258925481990
994681695948410886
995066367815684101
995662851409924098
996058745284198402
996063309685280770
996477538053640195
996491508676202497
996764325447716865
996767160960774144
997022654069727233
997032947445387264
997601985854656513
997817003971874816
997833412399517696
997939103013441536
998530120091602944
998531208328957952
998649410098786304
999289542019571712
1000358164590661632
1000527400843833344
1001201220760064000
1001367126337359872
1001485015593750533
1001812991187275777
1001872287082143744
1002129958792323073
1002189016953970688
1002250030206586882
1002542325258768385
1002576763657039878
1002953957143138304
1003594000077647872
1003899611000524800
1003927127509622784
1004026010717782016
1004226795523231744
1004271498264305664
1004603937658429440
1004698272706039808
1004832576048123905
1006447332957872128
1006788677543047170
1006912922122104833
1007170758353850368
1007288919224913920
1007530367388213248
1007531994870362112
1007536913354559488
1007551169714147328
1007572574224764928
1007613061803503623
1008007660883644416
1008279464130826240
1008643028641374208
1008716781941293056
1008723788018671616
1009487998864515073
1010555785213108234
1010653335093956608
1010754440264142848
1011006915831390208
1011157706076557312
1012062578627969024
1012107148988477440
1012240667047874560
1012302629207199744
1012322820364423169
1012341297481441280
1012991814909952000
1013179196661694464
1013499340323770368
1013499792826273793
1013504319893721088
1013652928413028352
1013689615855865856
1013716176843825152
1014016265210474496
1014930094824022018
1015183519218327552
1015333695606095873
1016182479106035712
1016455657128685568
1017154176307036161
1017851867144081408
1018527426492747777
1018816155434274816
1018883480229498880
1019813186705461249
1019925427257856006
1020245846313627648
1021118467859206144
1021699570567397376
1021869630854520833
1022119525242871808
1022398557272395776
1022742530671210497
1023500819742769153
1023502901161984000
1024540340131442688
1024912290833936384
1025137611059421185
1025146744215154688
1025300414323990528
1025363778202992640
1025475202212421637
1026136319775440897
1026571796529795072
1026580731865296896
1027955912043102208
1027957691673726977
1028080024786804736
1029393100706394112
1029453476038881281
1029693240503623680
1030478851531522048
1030499404426489857
1030892910143832066
1031110664893472768
1031574614978297856
1031959524196995073
1032523864482480129
1032730812050010112
1032997476628922368
1033114709946507265
1033224479919538176
1034162804864036864
1034170943881584641
1034180417719595009
1034322782006468608
1034678169050263552
1034711338910724096
1034714404078669825
1034801156365725696
1035043330135076864
1035120055221190656
1035253421367062534
1035295668678664193
1035775016867123201
1035791784901857280
1035933645469614082
1036192449918578688
1036537483570438144
1036538711897456640
1036552667667939328
1036599987470327809
1036659374008217609
1037611345225691136
1037846192221249536
1037969584421302272
1037986337922723840
1037994888447569920
1038031936713883648
1038046504513167361
1038130918500835330
1038711347347894272
1038741091095375872
1038749849804591104
1038761506463277056
1038770706782322695
1038786198280589313
1038786719678652416
1038793470507462657
1038880514747318278
1039139600323813383
1039177441196077056
1039197167355875329
1039469837356072962
1040184299784421376
1040864600839938049
1041629246794489857
1041694323396497408
1041794252076969989
1042030836525293568
1042043176759042049
1042107000732176384
1042132877469732866
1042145175928283137
1042362171777277953
1042381675110518784
1042406742569766912
1042636827289636864
1042682792524570624
1043163777808691202
1043528129887838209
1043872122882478080
1043901242097963008
1044505634979418112
1044646565917458433
1044660847870717952
1044969114865995777
1045024623648223232
1045297613061464064
1045312693035511808
1045335991228223488
1045344856082714624
1045643670744182784
1045966649893969920
1045986705264791553
1046002884792512512
1046304037350645763
1046511804749414401
1046769476392357888
1047370422759706624
1047496223849103361
1047807319436943360
1048530777179344896
1048631647665639425
1048944899607986176
1048995461443571712
1049047369030012938
1049575645842468864
1049908132468674560
1049914726766059522
1050302756328800257
1050325086857760768
1050659190748803072
1050685519754092544
1050687440980127744
1050729588148588544
1050780696258723840
1050781294098096128
1050791050212794370
1050811380880863232
1051390068500455424
1051800770956460033
1052088091413045248
1052139598405672970
1052255478749773824
1053229010703077376
1053231142193762304
1053416544930353152
1053417404594905089
1053610171249893377
1054038443817398277
1054350236406161409
1055057001749848067
1055078111002456065
1055093354474717184
1055136827391258624
1055148508469256192
1055205563418767365
1055537022365065216
1055569597976453120
1055770366893850625
1056161888491524098
1056314998455259137
1056901228972728320
1056981787560284160
1057119198298755073
1057281825243103232
1057336939332952065
1057552645374820352
1057588489347309568
1057591032534257665
1057610854336737280
1057642164929347584
1057948478175961090
1058180528795467777
1058202720883007488
1058241042640556033
1058246666283737089
1058291669123121152
1058298185519718401
1058363341201162241
1058649477425324032
1059349324377833472
1059391681877946368
1059399553584128000
1059406935567540224
1059683836148269057
1059684482410823680
1060182213269032965
1060575676871393280
1060577113227583488
1060815374311137280
1060863699517407233
1060868604432969728
1060868968645304322
1061327642765463553
1062308286307991552
1062660083618889728
1062680429189390336
1062684963718467585
1062774922290909184
1063003444301180928
1063012471030669312
1063072190080434176
1063182044572893185
1063878819759706113
1064230371250847744
1064273618509668353
1064341130450530304
1064457292211503104
1064627412493848576
1064749298573824000
1064989125433020417
1065170546327990278
1065616796445745152
1065688566750154752
1065931533503074305
1066008088401055744
1066008913877893122
1066051937366417409
1066232743976157185
1066608122146435072
1066785613884608515
1067376950107353088
1067410910619332608
1067707533773733888
1068072290645172226
1068178274726105088
1068288112000933891
1068506445119963136
1069312565031960576
1069355816522838016
1069560904105279493
1069833798735532032
1069876538135494657
1070381121253376000
1070702203738963969
1070720346909802497
1070788101960802304
1071062831888502785
1071130041726177280
1072119423983673344
1072429702265126913
1072448210042580992
1072597936268345344
1073526390308392960
1073551803487305728
1074246912193294336
1074320897706782726
1074376757279625216
1074409591126024192
1074411812345532416
1074612065023787008
1074718993070612480
1075233093408182272
1075330541145214976
1075727352817164288
1075854627684392960
1075862082367750145
1075873077190373378
1076091367946887171
1076165381264429056
1076572822028410885
1076587045504671745
1077144155535618048
1077865579372052480
1077866251211468800
1078732421158309888
1079197282115960832
1079492930660978689
1079670714230296576
1080411169792409600
1080805086127972353
1081160384428544000
1081455993031139328
1081584284803182597
1081962469990518784
1082355789048745984
1082914519272312832
1083061931982888961
1083067724597772288
1083113814852358171
1083465216199966721
1083745443799056384
1084541250026594304
1084726664687468544
1084757597721411585
1084858616765730816
1084899640359768064
1085804823855972353
1086184394770055168
1086269737716215810
1086287408247816192
1086302154326007809
1086329944949444608
1086331392248532992
1086537482899017728
1086546481681760256
1086593915128446977
1086664426881732608
1086934183572836352
1087047117762371584
1087352654110646276
1087629309873975298
1087708462191181826
1087973882156457985
1088014152990420992
1088021959324168192
1088089673661140995
1088220302839070720
1088339941388636160
1088700099746766849
1088937549949779969
1089107822862692353
1089452290447163393
1089484290688274432
1089610270350237696
1089793072370733056
1090226796073766912
1090270405976190982
1090308470644133888
1090338214529900545
1090502327411359745
1090922467747680256
1090989979218653184
1091202246472286209
1091382167974920192
1091463007694188551
1092071933418655744
1092130987973189632
1092357561469292544
1092372327281684480
1092594150048960512
1092814135262396416
1092814587966251010
1092849919705186312
1093055758260989953
1093141343499636736
1093522427672444928
1093971860843388931
1094286470079266818
1095221134629445632
1095294126092894209
1095389721373667328
1095486074091122690
1095486309249044480
1095486481026764804
1095540882722426881
1095627949301252096
1095640515343777792
1095728351514247168
1095939579205599232
1095999809926975488
1096034067705929728
1096050017985540096
1096107141025415168
1096143393841971205
1096319030573625344
1096325792118829058
1096481910329696256
1096558724259426305
1096639848096690176
1096846339260985347
1097771330571780096
1097916014451441664
1098030903010512896
1098161614652620802
1098531620343169029
1098536577846915072
1098703938424107008
1098865554499268608
1099216329616355328
1099282178981195776
1099582690217603074
1099963265386459136
1100079403554488324
1100088720538120197
1100117678897987584
1100124885559447569
1100322623161020416
1100356898648403969
1100457864156590080
1100747269538754560
1101234137367826433
1101644213807128576
1101830342833553408
1101880489537912832
1101911665501720576
1101916311121248258
1101924324368355328
1101981645329125377
1102172471615254528
1102219245587439618
1102564443962118144
1103055542501761025
1103672646200373248
1103701412905713664
1104704919817388037
1104724897119551489
1104750243118305280
1105383151654834176
1105580626302980096
1106059821311246339
1106136100085600257
1106473493951057920
1106494281919987712
1106512651222503425
1106521188258496513
1106535336270798848
1106569114238242819
1106583747808411650
1106615970993442817
1106706525089947649
1106855860272328704
1107025554107179008
1107038560627109889
1107317670314160129
1107336370509500421
1107412974971568133
1107570489663385600
1108047481848381440
1108128129401475075
1108247324105625600
1108305650545770497
1108421379592986624
1108640834558283776
1108642735643336704
1108646443118747648
1109016745627537408
1109018405087121409
1109020372194742272
1109072957475835904
1109195861702127616
1109426544555016192
1109475684148264960
1109519755688493056
1109544175073198081
1109567154368757760
1109768982507278343
1109780279537926146
1109950679047647236
1110096114022338561
1110100317524373505
1110124406515396609
1110141079158960135
1110170141344571393
1110445611688607745
1110457531384647680
1110527493113634823
1110668492091596800
1110945847771045889
1110968459721166848
1111195755472138240
1111306503292620800
1111359271567048704
1111677120399507458
1111684287944974338
1111946037797761024
1112290013562241024
1112378296178786304
1112687343687909381
1112699008001212416
1112732991908990976
1112750024738459650
1112757499470495745
1112991567084695553
1113085008288321537
1113325794204573697
1113336619858386945
1113368157899689985
1113790362772963329
1113816152738811904
1113889423563853825
1113906871902068736
1114053304181501952
1114073569837944833
1114073950160654337
1114151470964838400
1114516978734129153
1114575619864629248
1114777630652403712
1114782087771512832
1114786317647347712
1114854861412106242
1114883629224792064
1114983636254773248
1115191758151929856
1115283326670123009
1115521562931859457
1115634867637837825
1116203751734423552
1116291251773554689
1116337780672663554
1116361066953490432
1116380166857601031
1116699681680240640
1116740726682017795
1117131886592233473
1117158162073886727
1117335619510984704
1117451760900235264
1117499209568137216
1117500254184718336
1118210847111831553
1118248462976454657
1118563878873509894
1118605220576206851
1118814142977191941
1118814346547744768
1118814647099056128
1118815225296371712
1118878763733983232
1118966242461851650
1119177610712449024
1119299118818570240
1119326889745747974
1119509633712959488
1119666669239115776
1119855621283532800
1119859990473449476
1119878975369699328
1119913482370076672
1119970227608006657
1120039300954054657
1120039620174127104
1120076192525246467
1120227295380348929
1120633995807678466
1120636193010540544
1120646332618821632
1120647688972840960
1121083442958143489
1121352151786250241
1122060033246806016
1122099088844107777
1122129516783181824
1122480447026606080
1122723222330511360
1122786493624397824
1122879021937831936
1123110034957897728
1123118678344642560
1123140128677990400
1123143462076014593
1123159273591250944
1123177851044409349
1123233074463019010
1123269501792006150
1123492814774517765
1123493354304622592
1124045732716130305
1124197829495410688
1124623009577349120
1125033004286599170
1125062463714725888
1125072628526530560
1125380271849844736
1125403120304119808
1125664857221685248
1125674892026896387
1125676148166397952
1126039294114713601
1126051241493241856
1126065744691773440
1126089889186045952
1126466033097814016
1126635516571549696
1126760212457594884
1126834974756417542
1126842499643924482
1126875081769197568
1127210955237208064
1127522812464369664
1127812238390198272
1127916092716986369
1128599546379087872
1128927289918611456
1128953130383761410
1128961264909262848
1130013935996944386
1130038683942498304
1130166483085156354
1130541311684161537
1130566909823463424
1130806127388778496
1130846177711206402
1131212677026594819
1131695018090090496
1131943628765634563
1131974568195895299
1131998634692743169
1132142102614368258
1132166588482957312
1132186353314275328
1132242058805227520
1132279402732163073
1132581497268002816
1132604026934177797
1132744848535105536
1132762821081608197
1132901248884203520
1133046609368035338
1133078045533921283
1133088257808523270
1133102757089546240
1133245809670205440
1133246201816653825
1133308676633243648
1133361903168831490
1133374182249652225
1133599187562565633
1133612986185277446
1133688821948788737
1133689054946578432
1133699684713881605
1133724056560316416
1134011015975358465
1134013869989515264
1134050416503742465
1134051124120576000
1134146399363317760
1134385947599151104
1134386996615491584
1134437618358398978
1134562010916675584
1134938422521606144
1135053746327699456
1135077827299160065
1135214041486548992
1135231660167958529
1135291556473253888
1135407110966169601
1135429771368837120
1135533326822006785
1135540497416634371
1136146853261729793
1136147499142602752
1136206402664456194
1136248591264165888
1136264835753218057
1136332463817547776
1136400642539511808
1136587416553316352
1136607820630151169
1136724970267127810
1136725266963865601
1136753493501460480
1136876009565896704
1136999680078942208
1137273914558693376
1137697993891680256
1137987045362716675
1138084996504268801
1138351825973850113
1138724890989780994
1138798687084322816
1138823995506221057
1138875146037530624
1138892133010694144
1139041868572954625
1139042799087755264
1139080702442520576
1139515465468981252
1139555718670049281
1139592040927387648
1139935686927273984
1140238339687288833
1140304875089252352
1140527582506627072
1140533171395715072
1140551289035792384
1140695496878690304
1140927728117592065
1141017354056413185
1141041954303741952
1141052632355749888
1141069354018181121
1141311158663733251
1141601429532155904
1141603395079409664
1141609809986412544
1141653084738924546
1141683544374349824
1141755415929217024
1141800061413838848
1141814259116064777
1141814530722402304
1142337042719940608
1142698982684209152
1143084252399120386
1143091256869961730
1143091877325021184
1143103094366113793
1143117938070827010
1143418037783138309
1143418662684123139
1143462475096047618
1143465872083824640
1143902792261820416
1143902956540104716
1144017631059615744
1144131313663971328
1144185425650683904
1144229001763926017
1144247848084606976
1144722990363492353
1145322018851700741
1145337065455980545
1145425674200649728
1145673981858631680
1145800778671693828
1145970418660065281
1145999758747668482
1146141500843204608
1146332125014216704
1146337718751891457
1146370408008036353
1146537695105171458
1146656966107914240
1146751018950156289
1146838175899443201
1146887187616686083
1147092230571773952
1147142141824647169
1147178332481609729
1147478079247474688
1147515949735731203
1147524902628614144
1147775316233994240
1148126538887565312
1148150107264737280
1148214905646047238
1148651485057691648
1148837693562003456
1149551433122906112
1150419875745001472
1150639095636537344
1150657570220232712
1150718119515754496
1151240534385745921
1151240661057753090
1151240768520171521
1151915712061038592
1151916169676374022
1152414587733647360
1152549085049688066
1152625512818327552
1152680754024996864
1152987856664715265
1153003388839374849
1153377672816447488
1153413245962719240
1153510622153314305
1153712269039230976
1153910385713524738
1154043037489569794
1154052886302617600
1154113022425800704
1154273826735296517
1154285703733350400
1154287303151497217
1154421827063754758
1154444711253479426
1154502981972185088
1154776491785359361
1154846690286940162
1155034080909697026
1155102134649667584
1155151593987330049
1156167669256785921
1156275717233139722
1156623834847600645
1157751958192758784
1157958258583375878
1158096671022231554
1158097308476723200
1158103904237826048
1158502509197045760
1158701091632177154
1159102711310225408
1159120497466101761
1159147716427075585
1159373112351367168
1159379346043342848
1159386886252769280
1159528630692827137
1159860475355684870
1159920791103909888
1160054162119438337
1160122546462842880
1160300209055944705
1160481813082660865
1160482266478534656
1160510466818486272
1160590965104680966
1160627532665905159
1160858395500515329
1160934120995852288
1161911695092211712
1161921558572687360
1162423570980659200
1162446401416114176
1162737991946817543
1162741197464645632
1163076705570963456
1163151668109856769
1163340717143601154
1163350507257307138
1163516644297232385
1163529731712651264
1163533829908369409
1163915726589169664
1164047438379806725
1164160720075919360
1164218637701591040
1164439158372388864
1164449877159555072
1164616694746308608
1164621554388557827
1164645005228531712
1164780419234975744
1164780931061710848
1164787835200630790
1165544548250116096
1165994931229548546
1166096960014684162
1166265021510356994
1166415774409547776
1166434760710905856
1166656382281682946
1166664524646273024
1166757061528567809
1166804066426642434
1166925560750235650
1166931993235472384
1167036201955672065
1167049963211317248
1167157865674682369
1167195701329182726
1167474227513102336
1167588433142919168
1167708179880431616
1167720336906969088
1167757939664441344
1168223663885144065
1168302149987704838
1168416966874456065
1168527545165385728
1168597597927424004
1168952503519653889
1168996152878010370
1169002121674600450
1169167946918322176
1169230050312556552
1169236548317077506
1169305383598526467
1169470230747373569
1169493948114657280
1169517626470670336
1169519063896330240
1169547479399968768
1169651496092348416
1169654189242376192
1169979051659943936
1170069222124380162
1170083133875728385
1170442491969118212
1170449551947378689
1170724213822504962
1170735416149991429
1171030980666232832
1171279738683449344
1171504595488526338
1171747052906262528
1171751168072200193
1172034363791482885
1172035010901270529
1172180054413053952
1172434524849856512
1172454071510425601
1172538709247479810
1172552765651980288
1173186111511977986
1173186533152739330
1173254711006367749
1173463186693140480
1173463308680257536
1173485058851823616
1173514271310921728
1174010178263556098
1174067064480444417
1174114582081630208
1174205815923904512
1174408976370470912
1174550079211999232
1174933029560578048
1174991833740533761
1175051727999049729
1175129820214235144
1175315358871359488
1175364061460082688
1175407901046910976
1175419792095924224
1175453779111612416
1176386891559702529
1176492129272651776
1176529251195117568
1176567802716704768
1176767994371956736
1176768072696389633
1176773076882731008
1176778298162065408
1176778408388435970
1176872121542303745
1177140708903464961
1177193013321318400
1177483669243482121
1177485949384548353
1177635775661273088
1177823593058783234
1177882971942133760
1177998678004502529
1178286416809336833
1179112544704827398
1179146251197190145
1179355901670625280
1179444939056386056
1179454418871291905
1179497461850750979
1179506316219428866
1179625144135933952
1179676800466800640
1179682271282024450
1179769666304126976
1179817504027361286
1179890499622244352
1180393049312116736
1180408416797364226
1180413440927686656
1180501661757906944
1180817472217374722
1180837220418236416
1180838467493924865
1181122816034398208
1181241669494198272
1181303339755200518
1181481788750929922
1181514111412248576
1181606027134791682
1181617488787845120
1181679861976502272
1181813773151154176
1181848019123232768
1181926078962700292
1181928919584444419
1181929999043059712
1181930858980298752
1181930943302504448
1181931113218019328
1181934596390359045
1181945263340085248
1181951677777301505
1181961875862511619
1181967363081719808
1181967404336844800
1181969775938932737
1181987017560936449
1181999393253330944
1182014763221622785
1182015122426007553
1182029144042983424
1182031195556777984
1182045951571238914
1182047672271855622
1182229748837179392
1182231082340622338
1182363522614857729
1182368047903973377
1182395576060710919
1182423402751184896
1182600362072645634
1182671323866259459
1182683686296281088
1183004054290685953
1183047111111249920
1183122768264679426
1183350539314225152
1183354649044275200
1183396826306809856
1183403182917128192
1183408345182547968
1183411359914037248
1183420219399790592
1183453955281559553
1183459191370997762
1183491999023947776
1183814347476361216
1184039484410748928
1184085785047420928
1184130495778557960
1184166002470408194
1184377922804686848
1184453689878163458
1184487706329526272
1184500715949084673
1184502355921952770
1184837945875992579
1184857218652495873
1184913578639409153
1185128891033313280
1185518585801822208
1185608783046807558
1185827884436541440
1185856110697373696
1185913668430630913
1185960747500785671
1186225020743360512
1186346844743491584
1187017847433826304
1187026266857332738
1187043553299619840
1187112417379213317
1187261030990307328
1187277601871749120
1187480095524446212
1187663131968978944
1188446832524963841
1188835625560150016
1189132143764443137
1189324560845307905
1189450246490902528
1190158000302018560
1190168252158111744
1190194724952522752
1190598090568417280
1190635082802962432
1190765370300387329
1190931605768065024
1191103381152182272
1191286323170164739
1191287135216775168
1191622965907132416
1191667334928371712
1191746062966505472
1191853868554096642
1191856818231881728
1191977606368899072
1192020876721569792
1192147121648099328
1192418845136445441
1192466671438577664
1192851016682786817
1193064870662561792
1193092587357388802
1193458902593163264
1193600758249218048
1193802145902071809
1193834059887235073
1194025555940777986
1194505087562985472
1194614948825096192
1194671303237799937
1194718745622659072
1195703996029317120
1195999932139941888
1196046333691547649
1196399980296183814
1196498092276801536
1196511734347051013
1196559706870964230
1197065723698393088
1197075926435139584
1197096106422919168
1197268742486601728
1197620109877092356
1197620526891622400
1197899715788070913
1197901529275080706
1197902950204628993
1197907476286443523
1197908849124167681
1197909319192399872
1197954607525351429
1197970613131976709
1197986972356218882
1198176670487851008
1198176945718083589
1198192167208079360
1198286299167375362
1198286815880458245
1198566148163481600
1198647471842496512
1198890523148337152
1198936201400606720
1198939545192030209
1199096362593378304
1199102877391872001
1199173645660250113
1199200332879978496
1199471758992138245
1199617805852848129
1199647284604133378
1199812909817352194
1200033870776799233
1200033967921156096
1200105011344265216
1200344316931170304
1200364474877849601
1200366401116086273
1200367084062031872
1200429436182630401
1200745763493552128
1200750347897188353
1200765925005377536
1200769116619100161
1200850297574363141
1200850582203973635
1200873103146004480
1201057649325957120
1201137709668012033
1201146860305571840
1201244135681921025
1201379850872856576
1201436932376530946
1201561883158941698
1201832687130075136
1202161219945283586
1202536337162854400
1202615034079334400
1202849841937821696
1204018682231435265
1204327976252444673
1204407542564163584
1204656987696508928
1204679309245517824
1204733732214755329
1204883187874312194
1205061280404574209
1205182435098542082
1205250860462301185
1205366906179522560
1205368774909710336
1205369845262536704
1205431000861433857
1205519929472114688
1205550575137513473
1205935883830153218
1206118174640558080
1206159127917088774
1206229695483781120
1206263572621336581
1206976281541316610
1206978074987945984
1207045899018539013
1207070118318104579
1207374672477794304
1207564184063528961
1207660675050463233
1207734327443894273
1207801428892356608
1207801456113438721
1207951655561572352
1207968447281410048
1207974384352350208
1208314214835769344
1208697114055888898
1209213390486458369
1209360707826921472
1209402838377476096
1209453022583103488
1210482499236880384
1210560611538624519
1211953066683117568
1212119498242842626
1212162160585060352
1212333578920566784
1212351288710701057