1396544802
2684847062
2875495646
3953681591
3985181422
4073397535
4345830599
4450776434
5284797252
5313842783
5647334027
6344049440
8332505578
8728994080
8951847407
10012584087
11075099575
12333706904
12820258625
14911428423
15327985604
17524449654
18372330460
19597591266
19914381425
24772859954
25673198625
25825294780
26005583491
26663433312
27831527545
28012870478
28021618700
29307760926
3804319337938945
24760786027024384
26901365821284353
41759994550566912
49217460116791297
50481098832093184
51242892148224001
53497975195971586
54918543761866752
54918815317893120
54919391875317760
60375289733193728
73264340169531393
78813677603663872
89692354277146625
96896072802246656
103452186037587969
118969962814652416
144347902163173376
160636618263375873
163697684543320065
166873126884491265
166967470245163008
167211801988169729
171696393109520384
180563041824423936
180563333206900736
183964280247422977
190777197575929857
191116903333367808
195869191235043329
197960460652392448
203897197534781440
210651216491982848
211814460896198656
214953570842324992
215390000521547776
215817036377501696
221196932331225089
225257582237978624
225260812833538050
225918113546379264
227130057565548544
242939016134139904
247003622091665408
247333345506246656
250590477043245058
251586265252773888
256319458677760000
262614123697815552
264868969079521280
269773175049580544
281160046237343745
295220506154647552
295966673289216002
300660512465752065
301808821049892864
306473582614175745
307515459304030208
307848487737913344
309722836350685185
311418236359036928
311913581371338752
316938494951968769
316939283854417923
317967019725189120
320181540812369921
320297745959243777
321255602024239106
321311122940633088
325663160931602432
326542741293117440
330199646523760640
336200539161366528
336810112138231808
339824720214110208
342183905983598592
342362210204516352
342756287613923328
344480962874339328
344756781249085441
345549780618977280
346311698946338817
348132918528454656
351288250851262464
351980984868151296
352076078883409924
353222298922266626
355675925385461760
357447248583458816
357590078224211968
358534549375954945
358842606412759040
359226836104253440
359272751959261188
360424164131209216
361814722175172610
362449830502600704
364292221052653568
365528244121899008
366206534692241408
366219121710481408
367620290764746753
368317062231232512
368319682279137280
368427301253709824
368983204926992385
369064583001939968
369514378925576192
369732055372148736
370782813563670528
371290061025083392
371300303007911936
371586749736431616
371709039283290112
372691701585821696
374119284160868352
374850148058542080
375641348012904449
375649272147869696
377820591933640704
378074630088847360
379243539424890881
379856717749948416
380747670941224960
380991542984704000
380992673337069568
380993709380501504
381386182505922560
388035497463148544
392203093699334144
393012908491550720
398857545281839104
400334096960065536
403070383940567040
403075706504347648
406480258087813120
407074914399948800
412306330314350592
412530932009402368
413667486123708416
421036545110708226
421670174899453953
425975625313447936
427759091260211200
429277895249240064
429683689623392256
432998625996967936
433862649491644416
436099991799885825
436453908412518400
437388146049691649
437617491020632064
439135107841282048
439372513865236481
441557391755460608
442050045568114688
442065980533903360
443825824677232640
444102785014173696
444878261474955265
445264731931418624
448446976313417728
448819216964415488
448906048897024000
449273134664126466
449318142225825792
450214596071407616
450645441018068992
450702928098365440
451342203328004096
453476603658399744
453870381422882816
464749304477790208
464801964875079680
464839181064503296
467948488505188352
468994811417346048
469538125803683841
469896480304947200
474988354719993856
476315685078200320
476788071703142401
479192331334475776
479464912897703938
481020474282225666
483363646069014528
488933854947053568
489503705893306368
497397127514193920
497673183638867968
498396467405783040
500931407456505857
504261176348651520
507644460050956288
508134434173120512
508613368065044480
512306927368667138
512646530264616960
513255741319573504
513740113856454656
515794052533743616
516495526691622912
517554188058767360
518011450477248513
518340257440604160
518727636018028544
520637284958601216
523829148842983424
524597761086590976
531740249098317824
531758780586156032
531794504337354752
531794627532423168
534014986486841344
536746178315292672
538995360191246336
540195122701676544
545533831349284864
547747123824185344
553871252277186560
555375407168782337
555835345133375488
557580234816364544
558964708947263488
561173436127772672
561559000580632576
563012083907043330
563083975204560896
564161172765941760
568481264417808386
571628964659273728
573232096891650049
573862129092055041
574628301995667457
575388911549177857
575670094635888640
576419780183248896
578916822008889344
582862394843594752
586190199836794880
586905096581160960
586934988727328768
588318446615658496
588577926276255745
590574311104208896
592237603312816128
592628615277387776
594120405012631552
594136427316785153
595205152082132993
596272862778007552
596638031337127936
596773427572269057
597322072981909504
598381854882824192
598766696451702784
599206926220656640
599501773037051904
599910368257900544
600226901752487936
600292113809563648
600973350572285954
603175707645235200
604627613915746304
604683347558825984
605722905750740992
606057609443971072
608881674655551488
608923757357445120
608952701028851712
610018479136243712
610357615688855553
610665082436100097
610814209979469824
610873289607643136
611170177330249729
615542172625076224
617355390624399360
617468434176155652
619804420465893377
620232146553278464
621032724518846465
621647238025101312
622095874093658112
627518724841566208
632676017732251648
632811464903000064
633667873152585729
633680291740151808
634016507715039232
635779280564191232
636526481691254784
639398041397633024
639400677987500032
639415912949489664
639740531040497664
640074671933784064
640075820359270400
641292578986545154
641552082324090884
641875623477121024
642429688569298944
642964350433652736
644481017479348224
644596458163994624
645574436670861312
646235402601410560
646308012508991488
647702993605906432
647703699997990916
650981627489832960
651311878828879872
651662243436871684
651871949744918528
651873554678554624
652921982741315584
653282847860633600
653574918932705281
654607385173061633
655029794090962944
655310630291943424
657855260099264513
658776945367326720
659077994842034176
659298901359489025
659306457700110336
659726895869751296
660384157114105856
662345151348625408
662639844439511041
664392780895113218
664846852722925573
666228395202748417
667471481694257152
669476118680969216
670544937973358592
671005561245290498
672480660951576580
676355689892020224
677120072943583232
677132992486223872
677367872616841216
677454698069303296
678160881126088704
685182232043073536
685766694741082112
685947763822096385
686550695974191104
687048969713807360
688023334009860098
688732231603490818
689116978280280065
691612454346883072
693138853788516354
693460660005502976
693507994705883136
693737057169072128
693835195313733632
700987791887495172
703515565672013824
704356528774651904
704790255799554048
705095558881517568
705096412149714944
706433390837370880
706781168155410432
707298847291215872
707602811979177984
707847397871853568
707920888486891520
709080891742621697
710338595664629760
710757552649273345
712318489458036737
712618640957419521
714976792113725442
715971211566714880
717717465048813568
718334075904397314
718442782554238976
718672907677929472
719620253379141632
720256371661402112
721579443404333056
722077724093902849
723446664720052225
723484754599878656
726448657709600768
726721175355695105
729324301254598656
730044464136335360
730266495809425408
730780606678896640
731076175825510400
731122750631350272
731855987360026624
731856495550300160
735094633747914752
736249535459135488
736249558666256384
736584975454240768
737562158066634759
738014405678485504
738348347052937220
738364079996297218
739364255670120452
740920049498738688
742304672334110721
742322077978480640
742723435428712448
744458695015268353
744944711996047360
745256042402021380
745631759019216897
745712507407441920
746280676014628865
746294610134245376
746452979520176128
747043606410727424
747524313109127170
748813949726887937
748973480650104832
749119038693912576
749978398831837184
749996167447113728
750236259688312832
751390565208469505
751488812526637056
752075922644361216
752086315898925057
753895202075598848
753983699587330048
754588248018681856
755008109257580544
755706799924260864
756100361430114304
758279631824887808
759818793833029632
759849909239414786
760146290567155712
760899568666050560
763454384399347712
765864275307065345
765907877441724416
766611429399138304
767404338218147841
767461493562609664
767466745162498052
767991889228423169
769495034043461633
770333449706143744
771356344230277120
771818161196765184
771868618187481088
772000974080737280
772021885739630592
772047941624356865
772397795668099073
772433381233725440
774343199141859329
774549878672355328
776400476799655936
777504537842184192
778601361130688514
779369938746281988
780099872762593280
780144335824257025
781804333570531328
782128856312516608
782192037701545984
782263914033709056
783917908804132864
784812549174878208
785014705890951168
785830989440385024
786930386668576768
787269748698603520
787318180779794432
788045186211385344
789164609462611968
789371543910543360
789455030860546048
789455735361011713
789710001535324160
789899350117875712
793544922544693248
793893180055838721
795926319251017728
796613079974998016
796655290930397184
797918517353844736
798069918268817408
798264969036853248
798561822983000064
799337511994564609
801704287722151936
801715149828739072
802174219085869056
802257972734861312
802404049031200768
802591338281566208
802625945530224640
802849700600836097
802941718907801600
803233409963212800
803848770291167236
803956167265370112
803956908445016064
804750018162937856
805376481698476032
805506555768688640
805765382401327104
805788144939438081
805788411126804480
805856624699211777
806290078452613120
806471238201778176
806494309486837760
806739285026054144
806836872177745920
807547396225896449
807600675332964353
807863715240480768
808034371504578561
808659231834521601
808691660116860928
808763593000882176
808974903756128256
809030868769640448
809159923661762560
810595889815449600
811165298262994944
811478394252775424
811935294228463620
812011789080817664
813116544901332992
813366862482444289
813782775077765120
814479868884897792
816325376146309120
817064899780235264
817289611965853697
817492575548542976
817686691100192768
818083803294040065
819585534041407488
819940957265231872
820411145911734272
820588812103548928
821789572266860544
822352232121323520
822492123169746944
822502535017668608
822785292683902978
822863104983842816
823142113814736897
823593884978737152
823609441929035776
824296247792193536
824684812090937344
824871865143287808
824987555154296837
825041347153387522
825691471961608193
826376597083127808
826766695528280064
827823917012226048
827997241499455488
828164270722523137
828188624118284289
828192290040590336
828919560417968129
830107018224615425
830846220172197888
830847551238717440
831050389814444033
831537126118400002
832151539720536065
832645038555402240
832945670717849604
833014785612640257
833059988704808961
833567808697036801
835744390274514944
835841041639096323
835916838219415553
835929438638473216
836152385785507840
837608070213746688
837755034758688772
837988910043136000
838114573278449665
838134757774995456
838312058139594752
838322665404387328
838470874214825990
838855714789539840
839015899684343809
839095037795397632
839473310278758400
839780865295200256
840088304930377728
840171292800237569
840213241192157184
840216886163968000
840261799597527040
840289170992091137
840461840907931648
840596450925002752
840890553327857664
840903885699076096
840905266635931648
841572357881892864
841707693056360452
841762536378765314
842601183151906816
843144315329286144
843432020646776832
843475373895680000
843922146468515840
844068318449491970
844901483049074689
845301973180203010
845714519640981504
846270551425519616
846697176352935936
847549348103819265
847682931648679936
847786565069930498
847819101137506305
848143315832893440
848191468686716933
848855480739000320
849680955409412105
849692816813035522
849693293860540417
849758345162608640
849887610419982336
849899211713900544
850032741739614214
850080203242078209
850691099547119616
851997753056079873
852941249107693570
852944611316256769
853277399697543168
853470200330694656
853894045575380992
854441618614759425
854617080955625473
854673261766086659
854821271917531136
855074188608102400
855455475906871300
855697683562070016
857196881633521664
857994114322792449
858348026036879360
858416932936183808
859137613327892481
859146264209960960
859333302406324224
859418702332268548
859421793781731328
859495191857778688
859877387693170688
860056060341751808
860133844535705601
860472050779074560
860495257707970562
861931684282990592
861990852788465664
862041473298116608
862635287163400192
863019900503076866
863024521598697473
863734202696597504
863803517542203395
864817871293120513
865927610626387968
868018413620391936
868743925678444544
868784821346160640
870362109074427904
870570807855947776
870618920729939968
871385153981095936
871455933481746433
871994557373702145
872174190358667264
872863118665363457
873200984448798720
873225537661145091
873284345943011328
873903669590315008
873904151939469312
874521548199211009
875713309777047552
875732659225415680
875848704166690816
875953950725419008
876347776111697920
876377259556429824
877062487929126912
877157641545551872
877195993783164930
877198377464745984
877642025524355072
877839074589102082
878216345854369792
878568265873797120
878690793854308352
878991528848490496
879306751786536960
880760691837349888
882169267071979521
882538254070951936
883040276545245184
883288339218083841
883316310314188801
884107676099203073
884124743678529540
884710322615054336
885012781090705410
885225486846234624
885392597723877377
885889977011326977
886183951907274753
886255412101746688
886590860745474048
886853180868493313
886906104986423296
887654106478858240
888322695246606336
888497637074325504
888752636916367360
888776417932177408
889130102474362880
889771212104192000
889861484561522689
890543628237582337
891273164193501185
891292776268222464
891393686076043264
891593729328525313
891608530180026368
891624628598263809
891681597417771009
891689547175792643
891978045141250048
892643079613816832
893050969247944705
893436998610026496
893528897324711936
893546077282021378
893787362823516160
894272990979948547
894494146462973952
895647217914175490
895681927960817666
896286449749905409
896434536632000512
896822492186243072
897084696051503104
897320367957491714
897434495057629184
897909624640118784
898187728847851520
898236747611615232
898247591749660673
898458447078973441
898458592008957952
898617806887034882
899527482814189569
899530557377445888
899571823666499585
899872725145137152
899985883314737152
900413503617605633
900471098244050946
900633126908690433
900641707364057088
900792728581283841
901008027804893184
901029319136464896
901424247976939520
901441897213906944
901916070164004864
902103886655303680
902103937234456576
902284505473441792
902410016417882113
902436145790930944
902789297459388416
903159601188806657
903288008895496192
903623882237726721
903643657328308224
903727709523779585
903975199879593984
904035542983168000
904575264088219648
904963677627064320
905039814684282882
905081635187683328
905113344926998528
905123125528014849
905123643994361857
905167457060519936
905878673202569218
906028061828669440
906047046716674048
906126906076090370
906177336806174721
906179959550615553
906186252176711680
906187605984849920
906200362117455876
906314800799633409
906826411008290816
906849530808815616
906904122565197825
906905976254722049
906964474657206285
907190446178390017
907629405547253761
907975040481640449
907988732967616513
908304115616317440
908568306361106433
908632919895412736
908731211249520640
908760373288988672
908791347024420864
909022989932531712
909389418003394560
909391994442649606
909541910284570624
909650662832721920
909679554029064192
909729111375056896
909734380666540033
909772138764173312
909794776521814018
909867834767020032
909908770817536001
910403998045192193
910453122761461760
910850386629681152
910946938106925059
911183823660097537
911479053076566016
911581566538780672
911603384028934146
912236998471151616
912305702462476289
912318620637769733
913102650773839880
914002601582170112
914066599677759488
914107451921829888
914240703743578118
914258964329717760
914474392947691521
914481857668026368
914945830729240577
915162359299272705
915270600423346178
915273160685232129
915591920239415296
915903196022927362
915930310067589127
915948837386276864
915981828900708352
916038890892427267
916317891267526656
916415768174219264
916571723839016960
916596188912250882
916792194673111042
916937154504351744
917162966851686400
917304244230873088
917850373225893888
917992296204898304
918033706962554881
918469230953148421
918550444242284545
918846201658736640
918857993609011200
918862028923473921
919258995369697282
919570475411558400
919814735444480001
920325085340340224
920656073480163328
920666282227269632
920905675546484736
921683005843935232
922365696440438784
922788594296737792
923595723249156098
923621202362499074
923841525976633344
923934915732926464
924348963112833024
925283712765394944
925289196872400896
925308436962840578
926120158019641345
926876106388582407
926888027477209088
927248353951444996
927516526625873921
928248647229300737
928284258699022336
928737488151117825
928972109698813952
929010596519071744
929018201979092994
929049233386328065
929722502405853185
929758116966780928
929995384222601216
929998194599186432
930032909444100098
930149965854400513
930333175913512961
930816191983161344
931090910095532033
931236082192183296
931257565635338240
931316460596576256
931554399532457984
931558592519573504
931617577780088832
931636667479461894
932005765312901122
932969008046989316
933111637288062976
933594113521475584
933673768958025728
933726377567817728
933816331706818560
934112432955559938
934376868891029504
934409867229528064
934418782944194562
934455213003550721
934539224229076992
934786423164719104
935201566243647491
935225376971935744
935471770206949376
935510635223437317
935887535368298496
935890308327444482
935932240420274176
936145162899742721
936178750382919680
936624309430378496
936851222170034177
936890759927627777
936898217215586306
937269632498585600
937774460656148482
937774501777104897
938162724177145857
938657782991081472
938728529189113857
939059526308974598
939123742357278720
939136921003053057
939192555941646338
939804888799895552
939856149557469184
940117673979113477
940492982930821120
940963514641891329
941604974005497861
941646988256382976
941719398376714240
941958361645572096
942088930882703364
942096181316018177
942739400496205824
942798153035796480
943124560790147072
943471143243145216
943474071253192704
943786093954195456
943787228840505345
944264625054502912
944294508187054081
944329470894276608
944330615498919942
944379381631410176
945469618461831168
945635610945032192
945638489537830912
946000787720851456
946024937424408577
946031857958866944
946097581712486401
946133849549037568
946297664706174976
946322723051069440
946735002720579584
946779829650718722
946789299273523204
946833957307535361
946997361686937600
947816915132612608
947891471646121985
948131014257315840
948179347835445248
948648623201509376
949409674889228295
949982385587871744
950044095887618048
950073954198224896
950139858126884864
950338495498813440
951129091129962497
951202172565381123
951874980819632128
952177376573771778
953039924093218818
953293507518717952
953535524807069696
953588277377986560
953614827066359808
954058477860737024
954105437518954499
954341598124486656
954349334535069697
954372657897725952
954644455075827712
954721246507347968
955000882634067968
955005196375076864
955058572248993792
955381597930442752
955436711223480321
955450210133663744
955471682814332929
955665602894495744
955781155130880000
956275161556234241
956290361265139712
956814187753279488
957206627307933696
957650248087810048
957750279004450822
957894720973410305
957916759092326400
959027683198930944
959072532652527618
959353196350144513
959421717025345536
959630925209526273
960220308023267336
960382271915208706
960404151028142081
960459055344115714
960460307922604032
960466129134215169
960506582844002304
960523005142106112
960559020250673153
960870733902700545
960943430192062470
961168944399863808
961176483292110848
961182044935114753
961184817072234496
961187451791396864
961187917837361152
961188955747123202
961191205961945088
961195388345692160
961198167722201088
961198985586401280
961199005790294016
961199481139101696
961199552220016641
961199988423438336
961201286640173056
961205297997115392
961205741012094976
961205741079158784
961211463078764545
961219283308154880
961221114289586176
961223468330123265
961227875516080128
961233316186869760
961239660029710338
961246153940590592
961252269047107584
961255554621542400
961257429861355521
961258288607322113
961275659665530881
961275684218900480
961292434264199176
961312284323786752
961313094415855616
961315242998489088
961318224129396736
961319034741456897
961320073062502400
961327334283456517
961334727528648704
961344582901485573
961346929933332483
961359369408581633
961368545828450305
961375936997359616
961441628606083072
961454796849975297
961504122779459584
961524486796390400
961527747712602112
961583423759536128
961594130647408641
961600663410102272
961606023655108608
961617727436853248
961633491896229888
961742451315826688
961847188643921920
961870216836784128
961923004925136896
962029353704898567
962091480453210112
962271432284737536
962360943756959745
962402997291700224
962458669614075904
962571082413805569
962623518822281216
962670684886401024
962674270815096833
962676133895471104
962679793585152000
962688334836391936
962810795892596736
962951432315031553
963043118420582400
963114082114162688
963186901594394624
963304927354392576
963376703023276032
963430941199872000
963434917395918849
963528387435401224
963721958234959873
963734432292179969
963736224082137090
963752873434779648
963756135948914689
963763983714054144
963801354752921600
963819271720759297
963881271037497345
964092654068944896
964108901632364545
964132693121359873
964482851071758336
964507470206001157
964614941377552384
964817949969219584
965222729854144512
965247863231078403
965285951894417409
965338805963194368
965453960223035393
965511630967705600
965600233555193862
965603928774717443
965610246784868353
965653557335740418
965699559405113345
965966986856534016
966276916440436737
966298245973598208
966336926113583111
966353839791263746
966390732037738499
966657422868828162
966666254793748481
966734389383221248
966736240577077249
966736372236156929
966773232761298945
966787136065277952
966938270822146048
966940339700350976
966945077393264640
966962996747620352
967022234182316033
967053629143306240
967143740757377024
967349430876823552
967368222805721088
967725412431384576
967748305814990848
967762556864561152
967768810173403137
967835995398918146
967836550435344384
967836711358214144
967836962928422912
967841996596490240
967877130192347137
968007369040031745
968019578361143296
968043709345468423
968077497622556672
968093703817584640
968132113793998849
968148574512009216
968399328514592768
968404401638576128
968492985112555520
968504678328741889
968528729730363392
968762646550974464
968783855846150144
969145319614271488
969207603984203776
969276465916280832
969291900808237056
969479676421902336
969534348843212800
969563401642020865
969587953545764869
969614838526873607
969659943623241736
970005962206662661
970219502586728448
970246192339841025
970317282189639681
970326832099790849
970360286590001158
970557450037465089
970596595027922946
970598725486829568
970613946989404160
970646183143145473
970663317231554561
970668888865288192
970694420352917509
970739885815619592
970763811828486144
970768719625539585
970965204992450560
970970384534208512
971040559853957125
971066174481010688
971275893011304450
971297804139327490
971310138199040002
971332519449841665
971388562901028864
971818428356014082
971853485225496578
971854601900183552
972020314505965568
972031175949766656
972098637672124416
972109583903854592
972390761709867011
972407318544601089
972474337595969536
972764509189345285
972949065376952320
972949576255725568
973153383615000578
973162762850439168
973163645608906752
973164376185241602
973173971360342016
973190764179214336
973194568928776192
973208989977726977
973226301082435584
973229568537579520
973230756779712515
973459119024885760
973476627819704320
973586016371175424
973674773283835904
973685189573570560
973831120843403264
973831377920675846
973835881915338752
973856077174525953
973861472584503296
973938170931838977
974290002501951488
974330790455758849
974366859553394690
974416852888715264
974523161583628288
974525184538365953
974527690706370561
974546212220157952
974553909288038406
974561551184203776
974565054619275264
974570572238684161
974573844706013184
974583980153556993
974591716954198017
974596336199847937
974600364879204352
974606851403808768
974612771080941568
974612817054765056
974614460605390849
974617391115235328
974623590032257024
974635913988001794
974639077587857408
974640859093327872
974641411260928000
974664109584277504
974684773162549249
974696118796935169
974739823226441728
974742180911820801
974764787937705986
974767571940577280
974774536968261633
974775383869607937
974881540298731520
974902470735429632
974940786080043008
974945708804583425
974981249285705734
974990056023879680
975018376862011397
975447454924591107
975620341937602560
975719781419700224
975726020434284545
975834339111030784
976044429806129152
976097987544997891
976102241827467266
976130185404743681
976137622463631367
976161087417708544
976339772443541504
976376790208958464
976438228436897793
976447145485139968
976842452404404225
976860965445783554
976876302811713537
977095020263198720
977096542845771776
977096611061948416
977100154800082944
977101309311676416
977101420825636864
977101812087042048
977105099809009664
977105101130223616
977106338240172032
977106389201031168
977106394771058689
977112022105116673
977118493190606848
977123826361425920
977123851866951680
977124065491251201
977124588034445313
977124589120774144
977134250431533056
977147406214221824
977150710474264576
977167620570042368
977172629567221760
977197379853209609
977222298104139776
977245671765037056
977253743195455489
977300012282580992
977316106212970498
977327899144417281
977452678660935680
977561839214256128
977585591830360064
977607361815773185
977814708270100481
977916846862229506
977938260617023489
977949472931110915
977960826727485440
978007961439260672
978022740623003649
978130095754883072
978246020386754560
978249401448714240
978261061194350593
978277604397592576
978292595406319616
978303092738445312
978368532458147840
978599677477212160
978668161007542272
978693642784313346
978695800921444357
978703613068443648
978709452961574913
978710885035372548
978712627336634368
978714174045016065
978728145246441472
978728910266486784
978728911403143174
978732668400685057
978757824044990469
978759365300801542
978874383568723968
978910143613231104
978916469407911936
978926446549880832
978927699451351041
978932905350189056
978940707808391169
978943555170336769
978967800827011078
978968282173706240
978976067997392896
978987456753119232
978991521964769280
978992130239549442
979025263672659968
979026626737516549
979246889789947904
979250118015799296
979267044624527360
979268747771961344
979288011304263680
979329531877183488
979340792329359360
979342445493317632
979348439631843328
979358284720365568
979401173127049219
979589960624984070
979638180013060096
979708089631899649
979708573272944642
979709372233330690
979711330310647813
979728156918714368
979761343980036097
979796290396721152
979946968985276416
979960419832999941
980127981124366337
980337195016957952
980359894116261888
980360385101533184
980380499536330752
980750068612509697
980788950917894144
980833012148523008
980872957894545411
980900483492728832
980905505580339203
981127526788550657
981148553362931712
981283786548744192
981408963152568320
981432346674114561
981509365936029697
981509758464258048
981571975184306183
981583697391554560
981896983496609793
981936669719977984
982009217778442240
982158513400037376
982183552929312769
982199063880728578
982222744799490051
982232196860674049
982286077909184513
982295314102214656
982379813846638592
982393058389037057
982540082761601025
982570664820445184
982685909987491841
982980735664640002
983003910913785856
983034391025864704
983232132322594816
983328535229104128
983334454352662528
983335030331183104
983612951579054080
983652903893262337
983659392292794369
983682458355875841
983728979529134080
983763980337532928
983999782002798592
984010670088818694
984070825874743297
984089406549217281
984090938132910080
984095715902349312
984108746598174720
984319291247005697
984339208398692353
984339820980920320
984376586798583808
984478874749800449
984521447262519297
984533028885159936
984741567859691520
984801490983415809
984816253675110403
985479906376155136
985499443003822081
985571565189455872
986110488307294208
986124378046857216
986132004390559744
986143721371701249
986153056755683328
986177836896710656
986204539132039168
986241040947363841
986242459108823040
986244594525528064
986254507289010176
986294034854531079
986307097800388610
986336346569658369
986376868965289984
986483860899815424
986499583411982337
986505957491511297
986506055575375872
986509459513053185
986509545399779328
986513904737161217
986514763902537728
986517177141530624
986548774733479937
986625630585356294
986651709765308423
986651728492793856
986651755294482433
986686310328029184
986703002458316800
986917102903799809
986918188096131072
986979640710516737
986988628860702720
987612079782756352
987652273076604930
987789237398458368
987948906272182272
988007933358288897
988011932232880128
988114618500419584
988145099342336008
988178047672217600
988348779404447744
988467417780236289
988752642783567872
988770659030503424
988783307117776898
988792559702036481
989381723996729344
989398424192679936
989527998591373314
989560083154657280
989577436835860481
989848008832450560
989867534089322497
990109255108874241
990149075050868737
990505904561971200
990533703226019840
990617575221596160
990698073952223232
990837244662599680
990970424883376128
990987300564865035
991256061884731392
991300600557121536
991423709054472192
991611186750853121
991643955677794304
991989625064476672
991997929429852161
992024863966662657
992335599746109440
992407219915362304
992428750259318784
992660571567874048
992723932502478848
992743641813803008
992978715192774656
993092946743447552
993413436041322496
993539614039330822
993792254765649920
993808700564525057
993828542281650178
993871819022233602
994126880512069632
994193867992944640
994232616973840384
994620859967995904
994691962539298817
995217518452203521
995260272968380416
995275007004733440
995445063831511041
995577359469350913
995634344784953344
995881734100209669
996041403133251585
996045341882568705
996048490194243584
996050368776884225
996062913529040898
996077032659406849
996291390672900097
996309420937277441
996356305538428928
996359820889518081
996409493956243456
996429487083532289
996441322889318400
996451936298815493
996534741158514690
996683682663542785
996726577525379072
996748572312907777
996794570007597057
996837696021696513
996867529418182656
996996988804780032
997009368624353280
997012916762181632
997014558823866368
997016612111900672
997021891020906496
997041051348201472
997049834749288448
997065014887542784
997090362148704257
997101417751040002
997108531999453184
997126783861477376
997138769575858176
997200713804546048
997206320167219200
997357281720393729
997364742103732224
997379541655007232
997407775910170625
997475830942044160
997517893616263168
997573687665745923
997598488274833409
997854863735181313
997908769404309504
997910632639983617
998140340958846977
998140560560009216
998187838133952514
998238702404071424
998248647266570242
998490442957295618
998516188547375104
998518611156389890
998616898957955072
998634390799421440
998788787667898373
998904920899276803
999017153738223616
999027140229246977
999214996310646784
999299650103455745
999648725466304512
1000002270229131264
1000004697862877184
1000015454788833280
1000281696518987776
1000295021466324992
1000335358863839232
1000382146824101890
1000434447450296320
1000645201050906624
1000650943141117952
1000653532243087360
1000670006865219584
1000673603782959105
1000702549807239169
1000741395194400768
1000791448684507138
1000835480001314816
1001042539993059328
1001362927071481857
1001384426054586368
1001434697715548160
1001449941460508672
1001759750089043968
1001826238955249664
1001880695143325697
1001899154275295232
1002251340507222029
1002279284554256390
1002280914695553024
1002434078237478914
1002442134144847872
1002461961647509505
1002521618424397824
1002564202928771073
1002851001882304512
1002874515033133057
1003015355227430913
1003156041033506816
1003209544162570240
1003601412960464896
1003630105871122433
1003633734065754113
1003707836428406784
1003945641167466496
1003948816444329985
1003982067603034112
1004049412165963777
1004065095238995968
1004099584682012674
1004348899253997568
1004632731781943296
1004714032887160832
1004753322623012865
1004963960632856576
1005011405416910849
1005047053712527361
1005055226301288448
1005057249109299201
1005210082529959937
1005374501587243008
1005416971293396992
1005427060364513280
1005465032744931328
1005725640165752832
1005966918719766528
1005967148680871936
1006062561777930240
1006071356159557632
1006209681277284352
1006233002467381248
1006292936772988935
1006552956320256002
1006574923131826177
1006590165446549504
1006638298159337475
1006785296904740864
1006845871449935873
1006851836148637697
1006933639735791626
1006986719038668805
1007159612049645568
1007305804100272128
1007315027861430272
1007380484308037632
1007548405328109568
1007571775994068993
1007603972121726976
1007712370364477442
1007897461871005696
1007927549605961728
1008016504401616901
1008029798009131010
1008054941724835841
1008061244673273856
1008085192731512836
1008094458817187840
1008255265777553409
1008314905647345665
1008397065880326145
1008399525118136320
1008627549176520705
1008636760266600449
1008665067229982728
1008690581483245568
1008753076235329536
1008757546436345856
1008784846292963328
1008965794880000000
1009143681889243137
1009161537691553794
1009287271080779776
1009312712545984512
1009318219948142592
1009348672503545857
1009350913323098114
1009356141099405312
1009359959975452672
1009360193925283844
1009366310067884032
1009367694242562049
1009375543010131969
1009384133708181510
1009404748796219392
1009407271774932994
1009411533644947456
1009425958426771456
1009426299104976898
1009431685530832896
1009437241138130949
1009443091273666561
1009462549811691521
1009480669637087234
1009516890685878272
1009537162474393606
1009682157638488064
1009721273767923712
1010169778596732928
1010175833116463105
1010234502772387840
1010252890890559488
1010361079845793793
1010812915761508352
1011131963527352320
1011135423886839808
1011174234721308672
1011176257239879682
1011233333471260674
1011233537830391809
1011236274211033088
1011276145420046336
1011336779465715719
1011381991567216640
1011510096885698561
1011523226625871873
1011539912875757569
1011582848246087680
1011886981075423232
1011894306955816961
1011926820256731136
1012064549875388417
1012092758658633729
1012183866818351104
1012215651438596096
1012252411514294272
1012262115963494401
1012262813379723264
1012273112589701120
1012284142149619712
1012297282069389312
1012358187108982785
1012416426588737537
1012443869244481536
1012557138898583552
1012694001969815555
1012772226742046732
1012774955350679552
1012971762810785794
1012977376710537218
1012993335160602625
1013026188837707777
1013123189218725888
1013141271517564929
1013517594010234881
1013519473884659712
1013526781133979648
1013530188238458882
1013531747257069568
1013539116137566208
1013540031514935299
1013541620992573441
1013656278818807808
1013671962969890816
1013673044290752512
1013676990430367744
1013691858587996160
1013779310279385089
1013876936098172928
1013894198418866176
1014039796342312960
1014048168902832129
1014086766255656960
1014127978505175041
1014174351871049728
1014184119062974464
1014258755649855489
1014413622007750657
1014482638273380352
1014482841122549761
1014501309217689601
1014518080532369408
1014616504615268352
1014733247627087874
1014748732083048450
1014785041984081921
1014826379525918721
1014834258182135809
1014905593776279559
1014914941139193858
1014922672239673344
1014933569268080640
1015101532008800257
1015147737799708673
1015151954169868289
1015154435671101440
1015154787946508288
1015185684309700609
1015244553278849027
1015519408528199680
1015519473506443264
1015546011584954368
1015595318459686912
1015662748900954112
1015715597664047106
1015829187754713089
1015874346668183553
1015949759092264960
1015949847587934209
1016185975532335105
1016219821548167169
1016574643740737537
1016623154050097152
1016628173096783873
1016639939050704896
1016671689281888256
1016672649957773312
1016981499332235270
1017042827019280384
1017056099655143424
1017159161577123842
1017348232844926976
1017420025370759169
1017510510433128448
1017668908130725888
1017671109494403072
1017687718292271104
1017711497395490816
1017778068411371521
1017814534512431104
1017814745326514177
1017815094854594562
1017838610593263616
1018033653597732864
1018035491688546304
1018046728958816256
1018073381672050688
1018082456170160129
1018429436595769344
1018857558180757504
1018871084547002368
1019171183466614785
1019183746006769664
1019237302046986241
1019289550135406596
1019507825536577537
1019522860505812993
1019571180859256838
1019636500340846592
1019642388422299648
1019690120897880064
1019979398592819202
1020009542648811520
1020184958953041920
1020216971860865024
1020289242889621505
1020301587510628352
1021006769793961987
1021094213310730240
1021110331911925761
1021111047695011841
1021138309265928192
1021310900979027968
1021350692383084545
1021415194906460160
1021415736919683073
1021420615406792705
1021431466335571968
1021443755977715712
1021443907169792000
1021512922428784646
1021633420219301888
1021820937463902217
1021829146358571009
1021985464759316480
1022080374812430336
1022096843579252737
1022141774213595136
1022771241608982534
1022793765944262656
1022810278797488129
1022838393120727042
1022838768183795718
1022871661153058817
1022874084336521217
1022886421693177861
1022888324896317441
1023112143284129792
1023218113003905024
1023233360901165056
1023604846694461440
1023609067397435392
1023840716403994625
1023849040151302145
1023909022443819009
1023924031706292224
1024176286510592000
1024192482043731968
1024553606786244608
1025302705257021440
1025347838522351619
1025381147117846528
1025383548298186752
1025385700068343809
1025392528135270401
1025403126898155522
1025408907345199104
1025418843349499904
1025647564488667137
1025753496124055552
1025805481250639872
1025809554028855298
1025999042759852033
1026062311977615362
1026116815968260096
1026335378465271808
1026417594339868673
1026496729640824832
1026721417721782273
1026804344258224129
1026863364323061761
1026875791169216512
1027319786206896134
1027451070816104450
1027451892811685888
1027482652788576256
1027608695834898432
1027614874845827072
1027782770255376384
1027833872044748800
1027860184436277248
1027875075826110464
1027902254899253248
1027935990827175937
1027981814768574465
1028241199134633984
1028565979448713216
1028644327394889728
1028684303683735557
1028704606455570437
1028706923217080322
1028720205554491392
1028762395630612480
1028924574069661696
1029030636043022336
1029093737446686720
1029348844188839936
1029372912267083776
1029593560809648129
1029605396888137728
1029622143401779200
1029697381535760384
1029712129371373568
1030065061476421638
1030071452341608449
1030092647677997056
1030103760234835968
1030132632590397446
1030152587247378432
1030152735688146944
1030324450112229376
1030349575482163200
1030370603021348865
1030390188604882946
1030416936503595009
1030756479069048833
1030768200454234112
1030772524320210944
1030839332767248385
1031262180145029120
1031412268347666432
1031481344940040193
1031875779985133568
1031885756313358336
1031920925015527431
1031956719293919232
1031971144155492352
1031991132727771137
1032016355598458882
1032237243363192832
1032242692015747072
1032256650349092864
1032279730140196864
1032350854123282433
1032490435338530816
1032584789239496706
1032667249465876480
1032688924915900417
1032725887899320321
1032921784700596224
1033013763551715328
1033224675705462786
1033282637983567872
1033296742995976194
1033318464843382784
1033320900270149632
1033323058017329152
1033408108549349378
1033801079690067969
1033940276509921281
1034089021683781633
1034093193279811584
1034113535268323328
1034118314996518912
1034142857920176129
1034151407677579265
1034334319345627137
1034383496117137408
1034413217957773312
1034421654137528320
1034449272194916352
1034514481274146817
1034727045371252736
1034840122716504064
1034840927473479680
1034842506133995520
1034848351999553536
1035172498327908354
1035447114464198657
1035459166134001664
1035545835076046848
1035549517033160704
1035569850901573633
1035613327567802373
1035626159600480256
1035630423731318786
1035665199783653376
1035949253653405697
1035955389177712641
1035997028478865408
1036183028073160704
1036201206509658113
1036331730196738048
1036346877778767872
1036567175673339904
1036574683532087296
1036830899684429825
1036839870562553857
1036901693189959680
1036908717470560256
1036912813522993153
1036928244925251584
1036932916935360512
1036998386409517056
1037032733220978689
1037098502193655809
1037294234515267585
1037306345580580864
1037329455793033216
1037359459192983552
1037431003151839232
1037590285633695744
1037605544406786048
1037607540740317184
1037615452606873601
1037630041998417922
1037637956134203392
1037639282666745857
1037645845804580865
1037646892497285120
1037660216190541824
1037675761564639232
1037681839757029376
1037698173798686720
1037715474694500352
1037721102208983040
1037784604562911233
1037941768258547713
1037948918624145408
1037955448341753856
1037979534832951297
1037992432821043200
1038004520096292864
1038039980130660352
1038074745630154753
1038149227753418753
1038155520543260672
1038471614013362178
1038475344783859713
1038475974747324416
1038784423750234112
1038806154061721603
1038852185080119296
1039031495372038144
1039037858277982208
1039153971691180035
1039181088646676481
1039514338493513728
1039567301266288641
1039621274094448641
1039641433752444929
1039644207252754432
1039725328015474688
1039767871335870464
1039876868088975362
1039894342461255680
1039926098346364929
1039959475711557632
1039968693835517952
1040093730253033472
1040134176517902336
1040135190688026625
1040148045541900289
1040174405769420801
1040192745699254272
1040197973446193153
1040199808085053440
1040211562034655232
1040265351903281152
1040338260306866176
1040401536294301699
1040559811732164609
1040588436191830016
1040596467239579648
1040601572286316544
1040638324266999808
1040691239677579266
1040696760912543745
1040697109010423808
1040852845308928000
1040856820687032326
1040868073765568513
1040893139454705664
1040916258554892288
1040932949519155201
1040938476949135366
1040944845353832448
1040946529765388288
1040946705464811520
1040946709004673024
1040959271641509888
1040967142156500995
1041036662044864512
1041242103827841024
1041254309080510469
1041307090101444608
1041590718991613952
1041591051662909440
1041597508353445888
1041608889026965504
1041664420043268097
1041680383773949952
1041697431107379200
1041700138740269057
1041829021418446849
1041950837822709765
1042023607109644289
1042106618182295553
1042125686767529986
1042162811089108998
1042423647544242176
1042428328031019010
1042440045939056640
1042540695997833216
1042679336376119296
1042726377970171905
1042737673457332224
1042749885483819008
1042776465534853121
1043086385677250560
1043092234915196929
1043102783946350592
1043128823452250112
1043133254793093126
1043430937625804800
1043433505219391489
1043570842620313600
1043599608352571395
1043820452739788800
1043863927803793408
1043892337603223552
1043914348236820480
1043917408686284801
1043923182045057025
1043926857765318663
1043943064832823296
1044016478532620290
1044102746411073536
1044111389390983169
1044113239104262145
1044122635381157889
1044125008333864960
1044296770963066882
1044511104985108480
1044637394811654144
1044670917476012032
1044838615539429377
1044906465729949696
1044925265581879296
1044928608601608194
1044939088850284545
1045240564176887808
1045245737167187968
1045276437081714688
1045331170295246849
1045555182560579584
1045555647146790912
1045637770478268417
1045704982585114625
1045753643075538945
1045753749959036930
1045757789988167681
1045929552491532289
1045965967078150145
1046026756610818055
1046039336087683072
1046082106483519489
1046644013242208257
1046684972923408384
1046687056347435009
1046796665615732737
1046830230185398279
1046867008250351618
1047017652030455808
1047041586822094848
1047059140265299970
1047370422759706624
1047390454713667585
1047472687201828864
1047491480884076544
1047824083503775744
1047831283458560000
1047866754888863744
1047946815209914369
1047977385260462080
1048114050159337472
1048133732694208512
1048185848079048704
1048265176615714816
1048297079515357184
1048449065091059712
1048474382232903680
1048511382902247425
1048627311816400896
1048643655291031552
1048868441040572416
1048920751431213056
1048955666843533312
1049314456369545216
1049382533748719617
1049701179985469443
1049768868913303552
1049770164114329600
1049925070171381760
1050035818038009856
1050080127936290816
1050399526731833344
1050473313452118016
1050482796450312192
1050516273854078981
1050528019914379266
1050676365484122112
1050704971640070145
1050727123424567298
1050730351662911489
1050795959972765696
1050811149145595905
1050824610617454593
1050826733161762818
1050843760681205762
1051026772727398402
1051063413718290433
1051165299343577088
1051202736413380610
1051377660285333504
1051425814817005568
1051572482233257986
1051714656157483008
1051716496135778304
1051766927281070080
1052068914266562560
1052081283457830912
1052188061981790209
1052213899167174656
1052256393472950278
1052265370357301248
1052265570714963968
1052459266706169857
1052470716141056000
1052513021724110848
1052559894656692224
1052585367046631424
1052585935274221568
1052588033944489984
1052590211375529984
1052595756165562369
1052604373904314368
1052607106975768576
1052628912470196224
1052654349971873794
1052837918715334656
1052842286533500928
1052889849466941440
1052986986426978304
1053024694545321987
1053037430750830592
1053165800213897216
1053199986530365440
1053241242526584832
1053284678923366405
1053378195871973376
1053576585335451648
1053586579820892160
1053670264070946816
1053926780099280896
1053992285891903488
1054230607411273728
1054265594814627840
1054374069158772736
1054429633993695233
1054463279391797253
1054673924406030336
1054715669881778177
1055035695671197696
1055073770090778625
1055076278179639297
1055170507971158016
1055521763097014272
1055539588398235651
1055560461020737536
1055758834449428480
1055860680291692544
1055902788654379009
1056248181783171078
1056350470413975552
1056663765100494848
1056717186595721216
1056854890016849920
1056880139676590081
1057209933756796928
1057255493813633024
1057607291523031040
1057614154339676160
1057622702100570112
1057641206295990272
1058258219246571520
1058312848223469568
1058358974507089920
1058450990582652929
1058463766281707522
1058467424130027521
1058653882430185473
1058828817891033088
1058857987706679298
1059357521478107136
1059369491967152128
1059841920384618497
1059855468754071552
1060134631541035008
1060137314549161984
1060161200619708416
1060162083470352384
1060225087289331712
1060237963114758144
1060291385172070400
1060449545799262209
1060465798882476032
1060480791401168896
1060485118001856514
1060495973791744000
1060532498323722241
1060535856002412544
1060537492108165121
1060558006419632128
1060560395608436737
1060563726636642304
1060568405361725440
1060568436613541889
1060578939750490112
1060579898450944002
1060597013530714113
1060601382384869377
1060604158921850880
1060807643458138112
1060822715463057408
1060823403299512320
1060832894363594752
1060891203443548161
1060972934582489088
1060979461095653376
1060984217709043712
1060992837045641218
1061189374560342016
1061207581916651523
1061244873200881664
1061302362692898816
1061356385269698560
1061417224567775237
1061652325931073536
1061690246654451712
1061693231673602048
1061899875653160960
1061924269968539648
1061964396417687552
1061993383781109766
1061995251739648000
1062033249046806529
1062056621495513088
1062213091268673536
1062282210114498560
1062285243762249728
1062358079742902272
1062358084947980289
1062374051849691138
1062383832337444866
1062519533913554946
1062642122342436865
1062653559303557120
1062657189884641280
1062988288145977344
1063061669197332480
1063108252047687680
1063437602773221377
1063446655163351041
1063494140812513281
1063569235194990592
1063572935305297923
1063676721516417024
1063739939261693953
1063747822900654080
1063776791008026624
1063808589612109825
1064160671988883457
1064184632973905920
1064232588380971010
1064413089175691270
1064414343935209474
1064459530531147776
1064497695761547264
1064571902260318208
1064637898849480704
1064898166053629953
1065148910929412096
1065169896915505155
1065174422745767938
1065201614217191424
1065250058445164545
1065363087191093249
1065387653158322176
1065533869867311105
1065551384748134401
1065576810077986816
1065659215241453568
1065700570571440128
1065885987644088321
1065917604693504000
1065960036822892546
1066031108192530432
1066031289793474560
1066663337742778368
1066721971633819649
1066741438376013825
1066742232374550530
1066742413094514690
1066744390146818048
1066746442004467713
1066762458067607552
1066763624264421377
1066769154106109952
1066800729573212160
1067164309158076416
1067325245823086592
1067359089473273856
1067368248033886208
1067410641839972352
1067438516081225733
1067488264070852608
1067490300640337920
1067527453105709056
1067625029867905024
1067668140790898688
1067669286188195840
1067677419610546176
1067685683068891137
1067706157714866176
1067707533773733888
1067838550861889538
1067840011498938369
1068019185375162368
1068051717806309377
1068186531897229315
1068249777786241024
1068407077985574912
1068415437476691968
1068422883012210689
1068489056076603392
1068507457733971968
1068538915299237888
1068556904451006465
1068566360987443200
1068784201883942912
1068815195345166336
1068894509570895872
1069012460017987584
1069145255616876545
1069191612067123200
1069234639829635072
1069250729402077184
1069547878585155585
1069692210482941952
1069934494189346816
1069959592807927808
1070012768718372864
1070282755353792512
1070306841844948994
1070513009360023563
1070669400263573504
1070683134486872064
1070937529778606080
1071067305138896897
1071072378661277698
1071081959831584769
1071087651057557505
1071280800971321344
1071325384434700289
1071340650589769728
1071423168718483457
1071425478714634243
1071457040181141504
1071710786152734720
1071711136200966144
1071718782425534464
1071732649222397958
1071837136431841281
1071882917821997058
1071883227835654144
1072093096601706496
1072182873724207104
1072475399505014784
1072558879580532738
1072565575937867776
1072633674519244806
1072785177619894272
1072832136984625152
1072850150786240513
1072888370882318337
1073211797979697152
1073221550483140610
1073231538924457984
1073252491201036298
1073254372400881664
1073355756479676417
1073474438077788160
1073509066922713088
1073544016568950790
1073580286976368642
1073596900299993088
1073611301363040258
1073639325106098177
1073679778069299200
1073866144363266049
1074650696782352384
1074923738595028992
1074977531336495104
1074996144881762304
1075050242792407040
1075116142379843585
1075127357651017729
1075146285429284865
1075204286139777024
1075359797338402817
1075364691327766528
1075440582917545985
1075498148162867200
1075541229545418752
1075625730250289152
1075655789623341056
1075658614386380800
1075667460626497536
1075690243276328960
1075709502605930496
1075724428678492160
1075751407515590657
1075768735300866048
1075777189730148364
1076061806710480897
1076176907845189634
1076224552735330312
1077150062772449281
1077291757468045317
1077548167191818240
1077845110195392512
1078524517104918528
1078588455855230976
1078702326574206977
1078942630384422912
1079092746428837888
1080032575442354176
1080415209678884864
1080432669576581120
1080445610774487040
1080583254552530944
1080604894451691521
1080798387157516288
1080803544704405504
1081203516348252165
1081229444428091392
1081230846512807936
1081841390705881088
1081874291531173888
1081996574010556416
1082307831817256960
1082386606215102465
1082558771258445824
1082750529732788225
1082770381981827081
1082904631418728448
1083011450464059393
1083050514030432256
1083062374393737216
1083251780560060416
1083265885085798406
1083311813155000320
1083380125071273984
1083389749417656326
1083621601030144000
1083667415706337280
1083706638165594112
1083729520375545861
1083754856425369601
1083834351887020035
1084136723699957760
1084219135167483909
1084506849641140224
1084532456357875712
1084708196336455681
1084708235846787072
1084762750121852928
1084910578588622849
1084928936553918465
1084949837886513154
1084971318687264769
1085150455326535684
1085174673292300288
1085228085191020546
1085228542697316353
1085563728907694080
1085594852362981377
1085601996995022848
1085603642894442498
1085929531704332288
1085956163659882496
1085989309352734722
1086168816684544001
1086178424878755840
1086233955085492226
1086398211978420225
1086543135352807424
1086562226968891392
1086568038659489792
1086576770395066369
1086582459284815872
1086667274252181507
1087004612543070219
1087073517621768192
1087098902967398401
1087264191675883520
1087274939135246336
1087293139348586501
1087312813805236226
1087419320362246144
1087435578961022978
1087619036530253824
1087674845448585216
1087972186751725568
1088071571929997313
1088128982866898945
1088353954696695808
1088557481847074818
1088693924959539202
1088858788512305161
1088864719946027010
1089192577042132993
1089204605026795520
1089555712353677312
1089644946909478912
1089876191237021696
1089908094862266368
1089912063391084544
1089928302272397315
1089936772023373827
1090140491059023873
1090207011277545473
1090270858998800384
1090272583038074880
1090278621040787456
1090572985675771904
1090654204056780801
1090715413460201472
1090942587870031872
1090975361263960070
1091027833244319744
1091031458934870017
1091280767001550849
1091318184899158016
1091471771717586945
1091664785232613377
1091684998120439810
1091685111349813248
1091731523689218050
1092029083058425856
1092077660325449728
1092108318372495361
1092133225441431552
1092453018921066496
1092736280591560704
1092761898393714688
1092820387866570754
1092842293483188225
1092903688291696640
1092911611264843778
1093070544034021376
1093070943461822464
1093137453299437568
1093151690201751553
1093226188745723906
1093234746753249286
1093298873978839041
1093495792906719232
1093495867355615232
1093514829577551872
1093529164093816832
1093576300588163072
1093839530396995584
1093841375248957441
1093911482994184193
1093932865379844097
1094190872936230913
1094356972273586176
1094406214400774144
1094879646242488321
1094920846903259137
1095268861002289152
1095279482687115264
1095296609292902401
1095359207673643008
1095392618928893952
1095411208948195328
1095418457561153537
1095418470370557952
1095446759957037056
1095448437250801664
1095448601256476673
1095456147379798016
1095456374463582208
1095595119045238785
1095610895311478784
1095668445830701056
1095769545372024835
1095973195096690688
1096186138560266248
1096282872804184064
1096324847054045184
1096340496845287424
1096816448847179778
1096830178255429637
1097073455563005952
1097088765380702209
1097176594576261122
1097191689658216448
1097415548554698752
1097465143838031872
1097488246794305537
1097751060062588928
1097821346619371520
1097821850388889600
1097824682831695873
1097860098645549056
1097914802733752321
1097940430547808256
1098155164228300800
1098207158657794048
1098228279721541638
1098248473546248194
1098258725536743425
1098286500326842371
1098338489291235334
1098619947532644352
1098625180744761350
1098625394964455424
1098720155390169089
1098940723238457344
1098988195662970881
1099238793297694720
1099241608791371776
1099269072452288512
1099610096273969153
1099624689847189509
1099707291224457216
1099722585124802560
1100009171964051456
1100025848571326465
1100041272709038085
1100046316820971520
1100055300651008000
1100079403554488324
1100116020772114432
1100116217476583425
1100116797423001600
1100125774563196930
1100126671993225221
1100131998365032448
1100133324830445569
1100137092292726784
1100138930991706112
1100139524326375424
1100280014908637184
1100287598025732096
1100316972259201024
1100379731545997312
1100396232730648576
1100401332601700353
1100493842632060928
1100499279427309568
1100875006861631489
1101045032856027138
1101107969368846336
1101111182696636416
1101112723063140354
1101190229371834370
1101502129108340736
1101581300853542912
1101581370042826753
1101591891525668864
1101598829181325314
1101778125690732544
1101778393278877698
1101810648793706496
1101822064133058561
1101871200807108609
1101877977409875968
1102130148575457281
1102150760500998144
1102161668577087488
1102168990682632192
1102169848694669314
1102199812412399617
1102229541618151426
1102231644604452866
1102470123733032961
1102491801506775040
1102500016059502592
1102522886043168768
1102528711067340801
1103057751863971840
1103298587717484549
1103299175846944768
1103566927346176001
1103669058027827200
1103747090197463040
1103790200298319872
1103976212668526593
1104021935653076994
1104054003573362689
1104059381317099522
1104061963422846977
1104107010788872193
1104379163228676100
1104410350752014337
1104465351419453440
1104708267027189762
1104788511155212288
1105004500622946306
1105021755939307521
1105030954219917313
1105101978194141184
1105125302689251328
1105132808014565382
1105225249711423488
1105238122365890560
1105429808115343361
1105614668100337664
1105771470620422144
1105771767010938880
1105781254568493056
1106145228350783489
1106161980279267328
1106297471997743114
1106455232614141953
1106540385663213568
1106586360801095681
1106588462302576640
1106670459234512897
1106913889915154433
1107333956607897602
1107582086725226497
1107601066806386688
1107616936958062592
1107641770417012736
1107691316811649024
1107691439323054080
1107694765674512384
1108015805168381952
1108056304956907521
1108372053474844675
1108379628916391938
1108384460297388033
1108437401666535425
1108486213181288450
1108615583489314816
1108660075034542080
1108660663294013440
1108667144378728448
1108685470823780352
1109064375762071552
1109112368582324224
1109165672351834112
1109195861450547200
1109403527229640704
1109406512601014272
1109423161848852486
1109507645386485760
1109578763707338753
1109910964130832384
1110213028602175488
1110276388098064391
1110294763234881536
1110870247010115584
1110923175313833985
1110933718175281153
1110991381844189184
1111022812280565761
1111597468842635264
1111651350012723200
1111653110064259073
1111700318780301312
1111928520979238912
1111931022768308225
1112102356081168387
1112270543690985472
1112382866267271168
1112397531571474432
1112401291077132289
1112418935083798528
1112419474781687808
1112665169765765122
1112674001564983296
1112928666688909313
1112952220939681797
1113009093067845632
1113374000762314754
1113385904247398401
1113415652214284289
1113488624547397633
1113520111208603648
1113527610078896128
1113726628939612160
1113772538025467906
1113848413848842249
1114106223031353344
1114114667113263109
1114149265419505664
1114186978109554688
1114235572397191169
1114411171745026048
1114439266258620416
1114453416108089345
1114478583123255297
1114483124648456193
1114487835426529280
1114492013511159808
1114520916120223746
1114545617622138886
1114635852129472518
1114791559529148416
1115159661135781892
1115161269596753921
1115179596046118913
1115197053456519170
1115227402349707264
1115236680112451584
1115281421638230018
1115285807932293120
1115337110540754949
1115529890953035776
1115864934854864898
1115871791199682560
1115955208448892935
1115957202693521409
1115957509674754048
1115977749636710403
1116048212387872768
1116249302618255361
1116588760819359744
1116607653541634048
1116744016610172934
1116976536614207489
1117077614756343809
1117082025519874048
1117152674481414144
1117452301688606727
1117452370601021440
1117452547411927040
1117462723674218496
1117463342061367296
1117706290564825088
1117770976169734145
1117771474440474634
1117782140085784577
1117830287793192963
1118038152839598086
1118093318880145408
1118254881725403138
1118417592018964481
1118418392661229568
1118422200414085121
1118493131262054401
1118550098034810883
1118806114848657408
1119903090868670464
1120051630634930176
1120413631546634241
1120552935484792832
1120800479267704832
1120989841888563200
1121086877979873280
1121088106181087232
1121291964425441281
1121359943091785728
1121367237410131968
1121383987950379010
1121389521294299137
1121428022823923713
1121460219152826369
1121662386451046403
1121678409468264449
1121693897451696130
1121807577430491142
1122062976821923840
1122412360482938881
1122457458474127360
1122567721886146560
1122769832137711616
1122824184802021376
1122952496597667840
1123113182426476544
1123125735479283712
1123137457325735936
1123141912704233472
1123143978898137088
1123148619635482624
1123159590554746881
1123163149400723457
1123196348969385984
1123223948437741569
1123237159316668416
1123240342474690560
1123255416035717123
1123271620582354950
1123280231220039681
1123349737439154176
1123482133367009282
1123500346339463168
1123535005056229378
1123546084305965056
1123558923313799169
1123583842953191424
1123615255140229120
1123637849587363843
1123827244386930689
1123840246779719680
1123850163343319040
1124048778317717504
1124056790394658821
1124222927497461760
1124323268821962752
1124585132210499584
1124619691543158785
1124654689323290625
1124672851322253312
1124675777201614848
1124930045078847488
1124938813976006656
1124940808954818560
1124965926267494400
1125061564804083713
1125084307872198657
1125302798273396736
1125346380497682433
1125423648897228800
1125425132783247362
1125426156243648513
1125430118577516549
1125488766238564352
1125757117170896900
1126008956692901889
1126023776745992193
1126089812589588481
1126094431478800386
1126099650954629120
1126113005681430528
1126171310504206336
1126210034545901570
1126237393038737408
1126386767844859905
1126488262091137024
1126498931184230400
1126516490545639426
1126540593063190530
1126569345868550144
1126585447235428352
1126592042317099009
1126740397298933762
1126749329316667392
1126753182342832128
1126755252160491526
1126802207423324160
1126805203720835072
1126822275066605568
1126941130753486850
1126970263701159936
1127134482656526336
1127147924444655621
1127179778262540288
1127201760093847552
1127312660016586759
1127473899040587776
1127484552279199744
1127530093134348288
1127530530730315778
1127536686890659840
1127559716928991232
1127584659251040260
1127599879491026944
1127677202965901312
1127852232878243840
1127855361870921728
1127869482347659264
1127877117327208449
1127904763880902657
1128009020932022277
1128013673430122496
1128191831739641856
1128195169818480640
1128312637295669248
1128399613730230272
1128593720096559104
1128621720552857600
1128693340818554881
1128880549806972936
1128939847765438465
1128948204702248962
1129039119177400323
1129306284128460800
1129349668490612737
1129412614113648642
1129421896385204225
1129422537153273857
1129646377368264704
1129646513603452928
1129664586448285696
1129710001352781826
1129752498439372801
1129775204526362624
1129777060333969411
1129779379595292672
1129785074944286720
1129806861090381824
1129859626969829376
1130047807132508162
1130062254228017152
1130083280236273664
1130117254824251392
1130124494683693056
1130131705136861184
1130139476733386752
1130150537129791490
1130230677084004352
1130453524117168129
1130498687057240064
1130503854536183810
1130515131413291008
1130556777521655808
1130561347081646087
1130561359865942017
1130561526706974721
1130724881077809153
1130793348598554624
1131163090450550784
1131215363159539712
1131272303105454084
1131309956320374789
1131504752657870848
1131557048053903360
1131900465166397441
1131913970883923969
1131918730999603200
1131943628765634563
1132020058744590336
1132021982940278785
1132045802258522124
1132054647311618048
1132153530234675200
1132222753422094336
1132250990537785344
1132271353246232576
1132281369999155200
1132305838520061953
1132345478329360384
1132375518249148416
1132397456640139265
1132526672002072577
1132541151767085056
1132603289869144064
1132615199272460288
1132623029777915904
1132642787139162112
1132676894812463104
1132696053407465480
1132707026948247553
1132721173689716736
1132729765306228748
1132771927234363398
1132896297428705281
1132914084867923968
1132956153208627200
1133263162604699649
1133345996052848641
1133354326473281537
1133361903168831490
1133454469881114626
1133496329026641920
1133622822813745152
1133676277632786433
1133743301230833666
1133744619051802624
1133753494425481216
1133755919735631874
1133761617714454529
1133818591621591041
1133853488193200129
1133858420321390592
1133872645966041088
1133973311246016512
1133991490697474048
1133996303631994880
1134063424776933378
1134066324488036353
1134132559925993472
1134165766159384576
1134167998917468160
1134702171994374145
1134771834698764288
1134812560342048769
1134942238084149248
1135092210259701760
1135131251491389440
1135138229106159616
1135176298710687749
1135178028961734656
1135190542911004672
1135217414604505090
1135399487730569217
1135421206210011136
1135494447351980032
1135501331656040448
1135522460508545024
1135522717208371200
1135525500321959938
1135792769161674752
1135802581438140416
1135808738663837696
1135822468986413056
1135878604351557632
1135902620479119361
1135907294154240000
1136215813608939520
1136246695988269056
1136315730474016769
1136354550439436288
1136550974590455808
1136563658891419649
1136565661268942848
1136579928542121984
1136594483351605248
1136597599195140098
1136602330101669889
1136624837185757186
1136631263027179521
1136923703516827648
1136965186907234304
1136968112149073921
1137312116044644352
1137411947203158016
1137665910712483841
1137781000778465282
1137787303663939589
1137814905057349633
1137972698896842752
1137991819533410304
1138053125053526016
1138075341078040576
1138161403699847172
1138360045039706118
1138377143375843328
1138415586395000833
1138485672506003457
1138517131585380353
1138577495626833920
1138696035902009345
1138721898022473728
1138895292923809793
1139035352474312704
1139080138497363970
1139183536907399169
1139264501986078720
1139402316996497410
1139412452146159617
1139485814642094080
1139548594132926466
1139811095118585856
1139811110469754880
1139860061310922752
1139862619097989121
1139862768251785217
1139878605436178434
1139878931874689025
1139878933636235264
1139879759100416000
1139884195847782400
1139885077444399109
1139887025832771585
1139902120675749890
1140175221737107456
1140222113950982145
1140303224181837828
1140351639812837377
1140483993667801088
1140530812888244224
1140541202569322498
1140677225307660291
1140887769306320896
1141088285885960192
1141352355595792385
1141372838634504194
1141387007928819713
1141410474958950401
1141609809986412544
1141619143705337856
1141645008346451969
1141653084738924546
1141706635242606592
1141711556776026113
1141785345685676033
1141796496528084992
1142171086475485184
1142486476309049350
1142710442567118849
1142744310489714688
1142752593296482305
1142892660597960704
1142893641020649472
1143078658623627265
1143097923313504256
1143138667751510017
1143269049184456704
1143449270911229952
1143549127281782784
1143554115064270848
1143772301177098240
1143782152670195713
1143784560129454080
1143841229903409152
1143878764247605249
1143892084379869185
1143928974357270539
1143997939678887936
1144123003216773126
1144175865401675776
1144179221281071104
1144184049222766592
1144241257415413762
1144556719357485056
1144603149912674304
1144607913585106945
1144618776169799680
1144903512159072256
1144910628907356162
1144914487499251712
1144999508272713729
1145060769849106433
1145093983821062145
1145234408489803776
1145283694749540352
1145293824958353409
1145346720274010112
1145348477976829953
1145363073362014208
1145363626955554817
1145366216170725376
1145370861815382019
1145372028159107073
1145382063236952065
1145390023551934465
1145428156893081602
1145455710513315840
1145636956400996352
1145706828938076160
1145740154813988864
1145750834912927744
1145794004711350278
1145992690057785344
1146018238700118016
1146034780149964801
1146077750438092802
1146116174301880322
1146184878314201088
1146287180106649601
1146295665741443072
1146363182820274177
1146364852543393793
1146424109921972225
1146470574224551936
1146514225650647040
1146522744919646216
1146651907223629824
1146715981571661825
1146743819498659840
1146831774246457344
1146836634765340672
1146880839403364353
1147035866528985088
1147175299077103618
1147177661418131456
1147251398159011845
1147407905437753344
1147409224361791489
1147468667757764608
1147561474312851456
1147832463059824641
1147842372463681537
1147845008504082433
1147910310562598912
1147911222077087744
1148119090881544192
1148124165658087424
1148205119860826113
1148205122318675969
1148223113429229570
1148237429289213953
1148246435240042496
1148287487661531137
1148294176737570823
1148335311644241920
1148582281830907905
1148847364045754368
1148848862590906369
1148849102031151104
1148852768158953472
1148928548058607619
1148935631655047168
1148977632475799557
1149046257421340674
1149196131542425601
1149231230187163648
1149595962647564288
1149937128798904321
1150149570703306752
1150365647290937344
1150415982491578368
1150435871507865601
1150738146059010048
1150841325773828096
1150853011788488704
1150881152091250689
1151010044487643136
1151059622033272832
1151414610261618688
1151464324344504320
1151525925143621632
1151569431635615749
1151753395801329664
1151914674444800003
1152156600787963904
1152195995163418624
1152220830564327424
1152244935200034817
1152287305740279810
1152298240240472065
1152454979644469249
1152547625448726528
1152821073945272320
1152901939660754944
1153029463174733825
1153052977546051584
1153221995506655232
1153382522685968384
1153396030832070657
1153664542473408518
1153671122040369152
1153906022932799488
1153949603558899712
1153983314115682307
1154248858626658304
1154286958534963200
1154289694802403334
1154310845175947264
1154319539150163968
1154346553089363970
1154516300003041280
1154697903253929985
1154752710710890498
1154833371006193665
1154850555556171782
1155376022503723010
1155450587661643778
1155467674098573313
1155506605707993088
1155511960550760453
1155538643345399810
1155547031345274881
1155575790861524998
1155585517821542400
1155703649299050496
1155742523924590592
1155779682048118785
1155822771634655232
1156097253196607489
1156098129885876224
1156152088033996800
1156563964018536448
1156808507175395328
1156847044595736576
1157543750568206336
1157550220760231936
1157751038541205504
1157994631054991360
1158023414722043904
1158105439072063491
1158332699398103040
1158345776180944896
1158351172056625152
1158452111149076481
1158461946036916225
1158493383494656006
1158493434342248448
1158494128776327168
1158701275036487681
1158734120903745536
1158739807394099200
1158740551753224192
1158847051091906560
1158868866086428674
1159005398478794752
1159026806911111168
1159040640430350342
1159053307408769026
1159182587723681798
1159191218884005888
1159208096872505344
1159447601164537857
1159479374049095680
1159486676265291778
1159735110855548930
1159740730979606528
1159889254580928513
1159920056073105410
1159928343216762880
1159954263780540416
1159974481076641792
1160130208978132992
1160169361379921925
1160181224012472322
1160188097423904768
1160219965615742977
1160222833412382720
1160519991554433025
1160535442774777856
1160566398659235840
1160576113934065664
1160607932238782465
1160842048439803904
1160844758912241664
1160903671254855682
1160953179540021250
1160960694977781761
1161148049818828800
1161563594003271681
1161578940131094529
1161579158805368832
1161680558252023811
1161882612048257024
1162252621962342400
1162255486298624003
1162313989512159233
1162335966524268545
1162377210751279105
1162426785541308417
1162587468551589889
1162676682010107905
1162696280021360640
1162777604996370432
1162828245793984512
1163035200357617671
1163044589650894848
1163062451413430273
1163070252613345280
1163143307859570688
1163347023581667328
1163354502134685696
1163367629203152898
1163381352391151616
1163427088977862663
1163427670224490496
1163435346501279745
1163440277518016512
1163485945435480064
1163487132738097152
1163494231694106626
1163507207473958915
1163581795352399873
1163694435366047744
1163713133346807808
1163746475538599938
1163756021870997505
1163797900826152960
1163888277574889472
1163901279896330240
1164034124698595328
1164061442473115649
1164063312079966208
1164086774022455296
1164129850912923648
1164145190921232384
1164235797626675200
1164261029536239616
1164408169793282049
1164424889895272448
1164438842423877632
1164442259317829632
1164462217624006656
1164510759616950273
1164512089861439488
1164514536780705792
1164514973344849923
1164515309207863296
1164624335836983296
1164646023735758848
1164813163994308609
1164913050656354304
1165131798243938305
1165178674976628736
1165191673355350018
1165195458114965505
1165210272581206016
1165281340490694656
1165284730897612801
1165738682470621184
1165882814056808448
1165907938806030336
1165934443347025920
1166019351423725569
1166030640099319808
1166079902896021506
1166092492338597888
1166229006745837568
1166239576710635520
1166244092373864448
1166339928143409153
1166444538933723137
1166463968237498368
1166596997731758080
1166807404954173443
1167004378680692736
1167099724098351104
1167108339903471617
1167163397659668482
1167165943216267271
1167195879104819200
1167340291113852928
1167343074831413248
1167355205857488896
1167357089632727040
1167385248428150786
1167433528344219648
1167448236052885505
1167457235343237124
1167460699590840320
1167795564827860993
1167802007345930246
1167927533339209728
1168086103733280770
1168159992022732800
1168183550170030080
1168259860611424257
1168405844922425344
1168438398920613888
1168452092605939712
1168468479843995648
1168494882232709120
1168534313572458498
1168558964814036993
1168773947158159361
1168777516401737728
1168804317245186048
1168863227607994368
1169151017713393664
1169177051783409664
1169223335382835203
1169497137153003521
1169551309407756288
1169617994986807296
1169639670835306496
1169651310439948288
1169655188581507072
1169853045657571334
1169869131199303681
1169873230577852417
1169888862878887937
1169920371178508288
1169983363907760129
1170260986345009152
1170303209350598656
1170372824449605632
1170424644068892673
1170557024020684801
1170589613607596032
1170595096317890560
1170598297846910976
1170617333188050944
1170683265092599808
1170712553204473856
1170751308212723712
1170772770944376837
1170796867405471746
1170925667640324099
1170935242766639104
1170972992123351040
1171133296698376192
1171164563791908865
1171307705522413569
1171310790252662784
1171329926273949696
1171654425234087937
1171715978125828096
1171854119046471683
1171857055080177664
1172031620028780544
1172067880264982528
1172085658279665664
1172205578514501638
1172210921915191296
1172248827207835648
1172394177981607936
1172524276072796160
1172736837858856960
1172801638601560065
1172822397210284033
1172877400008462336
1172884501191680001
1172900874852737026
1173144277502910464
1173173360194461697
1173193505960878081
1173237235447152640
1173272055875284993
1173309955727941634
1173496878207569925
1173539887779340288
1173574539525140480
1173600286176370688
1173619258594603008
1173627749027778561
1173666140423380995
1173668715935784962
1173688483929608193
1173871869373616128
1173909408700600320
1173941462356176897
1174017876245790720
1174188269426348032
1174190453002035203
1174201837496524802
1174223880413691904
1174255535388016644
1174274756947906560
1174282072699092992
1174294395929202690
1174409513283330054
1174526804931092480
1174546326564081666
1174568512821563392
1174600656759513089
1174628570821533696
1174635318319943681
1174717224071946240
1174756140523098113
1174774703275290625
1174784534761607168
1174817383359406081
1174956447680983040
1174993051808411651
1175042261089955841
1175380280468811776
1175423417203462145
1175703606412107776
1175732405279383552
1175748686401478656
1175827064827600896
1175982891572109312
1176079575027257344
1176082201609457664
1176175886355312645
1176406432008331264
1176459083823624199
1176515233172656130
1176549200538025985
1176556777506295810
1176790262313603074
1176822596408623111
1176852412298137606
1176891363440439302
1176891509737738242
1177124871215755265
1177125492287315968
1177125660944490496
1177147395584528384
1177156508221607936
1177183282380886016
1177247926076227584
1177287586827644929
1177445898789347334
1177523737010343936
1177533958457823232
1177557742413918208
1177584204374269955
1177601875409018880
1177681950670278658
1177682838029819904
1177823236157034501
1177835836676673537
1177855532134289408
1177862701307060224
1177877916291600385
1177976813437501440
1177983820747935745
1177985794105122816
1178319129671065600
1178385226931806215
1178642483456151552
1178799592814587905
1178930553678188544
1178978232651194373
1179041142358323200
1179261932412575744
1179443811816267776
1179620877526327296
1179843565247238147
1180109636873195523
1180415046591172608
1180586168372453376
1180758453058449409
1180765845678678017
1180771512170815488
1180782932665016320
1180804609985658880
1180824582338568194
1180824914019926017
1181114015445069826
1181134889279787008
1181217836720693251
1181232096628617220
1181242722226712581
1181336419962441729
1181453972533661696
1181836488813793280
1181922169602953217
1182011408109723649
1182325170255605765
1182360931856240640
1182363452523847681
1182385143828418560
1182386721457082368
1182613069324832770
1182668193585864706
1182761451607314432
1182952185669271553
1182964546446807042
1182996791903567872
1183109749497315329
1183114751506878465
1183118415051005952
1183120972813090816
1183127875521826816
1183294389386432512
1183423237432205313
1183424945029894144
1183610797819338752
1183625266234568704
1183715895174144001
1183726784031940610
1183733288743116801
1183735132420825088
1183779694707130368
1183795095369408512
1184017947804819456
1184022019710574592
1184172159905779712
1184429693098954753
1184436879405527040
1184439293185548297
1184464657140113409
1184467804956831746
1184775225893883907
1184853818623877121
1184878856269893632
1184879960344944640
1184899498264449026
1184904731656892417
1184958876699025408
1185122363471515648
1185170969654108161
1185519237932171265
1185870339064156161
1185934329152786432
1186006303417585664
1186024212294754304
1186216120505847809
1186218869435830273
1186223044748034048
1186240490389327873
1186241488528855043
1186312534938341377
1186636742734106624
1186637414032445441
1186637670614798336
1186658384512258048
1186900313720184832
1186913637266526208
1186981127715606529
1187407093864775683
1187452263536775168
1187522899030134785
1187611839598944256
1187618542646116352
1187637271136047104
1187674171419123712
1187695990574333955
1187712964964601858
1187729364588384256
1187750141605924864
1187808160582717440
1187998895516934144
1188046684766560256
1188095461598609408
1188097993901260803
1188117526271672322
1188140021741686784
1188177309167247360
1188251457688088576
1188404603693551616
1188469699257995264
1188500897648861185
1188790758175850496
1188919243171074050
1188962594071236609
1189141675995750405
1189157805909069824
1189237330432987141
1189304054968737792
1189441072730181632
1189478859005202432
1189514190064619525
1189524688684437504
1189536525459046400
1189575072962490368
1189650037900529665
1189683360400125952
1189885279424991232
1190047437269983233
1190297880923426823
1190313465036050432
1190374545661857794
1190545497968250882
1190575486914760704
1190651352445272070
1190701142814134272
1190722137268637698
1190749050708119552
1190776070150209536
1190946225249509376
1191014810038738948
1191108008849428480
1191277555980079105
1191600422416506881
1191739681152614401
1191768621904793602
1191802515404275714
1192158808409329664
1192359426512035840
1192389734137503744
1192452117719666688
1192476964654927872
1192646256725766144
1192706442945552384
1192736863750152192
1192740788440117248
1192783664049991680
1192803722528796674
1192937544842915842
1193048114866851840
1193092923371524097
1193117191618600960
1193134092918960129
1193136178658193409
1193244217923031040
1193258615689371651
1193328743034621958
1193592916373098502
1193942534956998658
1193943902035820546
1194143589829361664
1194149070819991552
1194203195364585472
1194205193442938880
1194260006838972418
1194297022754512897
1194340581859844102
1194364759228997632
1194378316448444419
1194521344140103684
1194528734310797312
1194565127422525440
1194573956172468225
1194984624386117633
1195279378810384384
1195330092152623106
1195345847808077829
1195646519094984707
1195788333772877825
1196028754687975425
1196082035498143748
1196087722160644101
1196113110026899462
1196134568123928578
1196140103128760320
1196315368215764992
1196443624357138432
1196748402173906945
1196826750069694465
1196836184779038722
1196840999240253446
1196846048012066816
1196847036001390598
1196848652620308481
1196894146990157825
1196895754910089219
1197127544081977345
1197452754643554309
1197474879878119424
1197505353279328256
1197572494921781249
1197913916640301061
1197935472141651971
1198161887860609025
1198179031939727360
1198179479606181888
1198181828676505600
1198647471842496512
1198689798615113728
1198855348557426691
1198860971298754561
1199210844346814464
1199215971279486982
1199223121863172096
1199230786727227392
1199266435073290240
1199320111259279361
1199335685691330562
1199590288639037440
1199634121376632832
1199673481748795397
1199693537417269248
1199779508120887297
1199965531626971136
1199987765464772608
1199990178137419776
1199996841607278592
1200003855553060864
1200028540009406464
1200038597346377728
1200105612874567680
1200117513016762370
1200303787468099586
1200321159302205441
1200501913604759553
1200644693085831168
1200694907024728064
1200738280934907904
1200747930732376064
1200804593090879488
1200898085309886466
1201187475139510275
1201244151121170432
1201659915158335489
1201802445682294784
1201842185492221953
1201956388303515648
1201961363435900929
1201962958827511808
1202190686814162945
1202254350078361600
1202539040425365504
1202596746196660226
1202613030565163010
1202873098082701312
1202896251144089600
1202914970352128000
1203050464713023493
1203418394126692352
1203733666305892352
1203994543718379520
1204338755857010688
1204419125516234752
1204502051868332040
1204508218283765766
1204703914794397697
1204790990286053377
1204797528455176194
1204842893497831424
1205255485437423617
1205489766785044481
1205792855895220224
1205799160240365568
1205867204950085632
1205894168226279424
1206176755150675970
1206213494460338177
1206449872427245570
1206469153118412800
1206486123876356096
1206556095893975041
1206575943336284162
1206593283289473025
1206607886484430851
1206704809111408640
1206885444148969472
1207240262386405376
1207267377542512640
1207421844988604417
1207626110768431111
1207626933720231936
1207637243990618112
1207929008136097792
1207934475231014912
1207951015871467520
1207983038971428864
1208006488985391110
1208389036244647937
1208549542838317056
1208726039695888384
1209153163741282304
1209839885428936704
1209988322506006528
1210154948547268608
1210178829148405760
1210541558040276993
1210885093272834054
1211741536666472448
1211752090005098497
1211911183248379904
1212047029444235268
1212420203289698304
1212506849720840192