388033016951734272
388664090929156096
405774385220694017
487567810952822784
524650212225458178
532989644502474752
613708519477481472
758663543910723585
770592960232628224
776056319593832448
776431283509469184
776438138025619460
776451760537931777
798254063410417664
839002281295110144
842417080368549888
854821752865685504
854822242269712384
854823048721117184
854825867498975236
854829400310861825
855694875429404672
875583998398840832
878170519102668800
883657213100818432
884130303673069568
886648446165413890
904332627020312576
917734564621115393
935076474415132673
937651209745387521
948159253474398208
949703276739682305
951031032945500161
951049326494658560
953747036414926849
954268209116516353
954329878236712961
955807074528751616
958250924765515776
963323006373199872
964947987679019009
975338957612384256
980421195043692545
985439585109979136
988787417862868992
1013196288962318337
1017851197208834048
1017853473906483206
1021370649930076160
1021411404610404359
1022470249994698753
1024646661983879168
1032303175372558336
1040647336559554560
1042286016361627648
1049626829617815553
1058425047407357952
1061602704542314498
1061605361801662464
1065628868210565120
1067888461900914688
1073885922335318017
1085971165858983942
1086238832054493184
1086524699151089664
1086532207462748160
1088339928847708160
1088876598445703168
1097129690408603649
1099931650518073344
1103933889590915073
1103975313707540481
1103975997509197824
1104096026888228864
1106087320384618497
1107752664027353088
1114149265419505664
1114453416108089345
1121433967469764609
1125861736693796864
1126636392271024128
1131674638516461569
1132228769845002240
1137302414707572736
1141711556776026113
1158035159456854019
1162752859131265025
1166701292326150145
1176749634540249089
1176754024378437632
1176909020243877888
1190915826402156545
1193646727376654338
1195364374703161344
1195371379027251205
1202924293178429445
1207397658350039044
1207397864617304064