257151075327541249
416197412697681920
452866146644295680
578278445542744064
598437807288426496
750993297217294336
751012789234311169
809705164659683328
833594223995842560
838301759126777856
906797698409488385
912899387621298177
933301584553037824
936978008933576705
937293184438358017
963530464932827137
971392672425488389
974564579224309760
981808658362392576
995250325954138112
995250335928242176
1004891831912370176
1012067697662849027
1022732950708867074
1051846405214654464
1060885953374502913
1062048613923201026
1063740551151927297
1063754895411593217
1071162095499177985
1077647583055630336
1090382110173605893
1097129690408603649
1113462319747600384
1119668264760676359
1119935766401040384
1146534896514584577
1149237889919791105
1150056148785139713
1171750106976178176
1180547595011284993
1193264890338787328
1193587180494622721
1199306929090285569
1204342516541210624