1142314887
1237963259
1326864745
1534673287
1911348945
2001119468
2100658849
2176598532
2343609613
2403855922
2406551306
2467665564
4152981491
4363385936
6137510254
6425379934
6440226047
6896027300
7863413816
8324249387
10676399220
10746058592
11056596788
11835739471
13182331504
13839622343
14300420050
15610784561
17403834450
17411130420
17435767971
17981707781
23253057713
24104053097
24122243440
26479559401
15326889207922688
28160462772244480
41106964125589504
42839689564131328
47993606329479168
51030726514196480
71609716773629952
77167754230247424
87837594334928897
87839062043541504
111378735923593218
112107666221957120
112128649829957632
125622253126811648
127437920322854912
128461901465268224
129484613272862721
129501761974185984
130019304866447360
134218501564018688
134579334856970240
134793984177479680
135445136824991744
141643071778594816
141847108427845632
142341974215761920
143605721626447872
143606234325598208
146117495336599552
146933165624274945
158961337706356736
174208589974618112
180040618427428866
185090386300116992
187656304330932224
195397902657531904
198378027338567680
200608014133231616
201731576231510016
201948420531957760
202334344570871808
202336513810374659
202826522673942528
205804156827598848
208105996864851969
208182293360152576
208275851626807297
208561842728079363
208873170403463168
210711605917401091
211149443922272257
213674344239472641
217659498452615169
218019074662334464
218607257347305472
222732389040930818
225679554411384832
226004996779556864
243712640327757826
245938857827246080
246248572696293376
247399999233744896
248726719224229888
250850137805574144
250956698607550464
253806964583313408
254180675345862656
257811896508493824
260302729677787137
261923891071557633
266465454699200513
266541527961063424
267010413126881280
269433361213296640
269445618198519808
269494940562780161
269766586250969089
269772860598415361
271942860570517504
274139986071285762
274278091277357056
276945332661780480
278893572089077761
278908693272203265
279216438689030144
279495100822847489
279544086892007424
281038192449318912
291126146479837185
297410898891513856
301682472519888896
304296625407414272
304575123535560704
304912808359911424
306745765567537152
308933276922437632
312268346676637696
313977554266628096
314046337337393152
314357958005911552
315017800706052096
315070599322038273
319202014208872448
319549109012934657
323050272844816384
323380481385189376
323382998877736961
324134249206775809
326707514362171392
327319101015986176
327320894701719554
327337010970910722
328470228184993794
333905677938458626
334290594388119552
336635457804849152
338690986395963392
339776607357108225
341606685795819520
342308349360091136
342695797139312640
344786212189503488
346536956357906433
350199817043050497
351619195961745409
352722186659827712
352838195618123778
354613246763872256
355232293675216897
356845589016748033
358311764251148288
359028579188740096
360174898150260736
360521631887671297
365939771631075329
366641367641890816
367260093881913346
369685249367609344
369868960058970112
370426773718441984
371952302988357633
372668153740144642
372985976341012480
373771729803681792
374245470019026944
374247215927398400
374584207496216576
376795391594725377
377398799838486528
378066993695711232
378240933248376832
379286218221322241
379492636135931904
380806213392666624
381785710187274240
382157805949845504
384570052550594561
386406316975333376
386806915483070464
390378306530721792
392564542431305729
393333053428625408
399630002956017665
401777902632861696
402823237874114560
403940264416661504
406169242737070080
406170056658542592
406424108512329728
407877098016374784
409033063071772672
410049829751238657
410907261654290432
411087646232809472
411188987236450305
413404217986932736
414109794161950720
422457437825040384
423095737317355520
424231112056274944
424519596411207680
425327217304817664
425370790004269056
425569484762775552
430054106141818880
434032658021363712
435402105764200448
436131800390594560
437547786872320000
437883802598526976
438744584102096896
439458947607822336
439793076505436160
440414398323363840
441536701362880512
441580621941706752
444113187001368576
444853955756326912
444966358778781696
448077291160338432
448880178190901248
449149905773555713
450186917607264256
453572068286935040
458274828471250944
459235158030569472
461188556300779520
465528721735438336
465550947796910080
466985479267942400
469037895677120512
469393766067892224
469771095697260544
469879868973277185
469915373685714944
471924209128468480
477111500424097792
478122896385392641
481445591206359040
481484967588155392
481905066501500928
484666979232788480
486057801156788224
486448315593420800
486538428495167489
486612823146258433
489088809100132352
489337374049304576
489687461388615680
491925904923574274
492610231076405248
494504350442852352
494858665741271040
503866374113198080
504195984747155456
504594421862920193
505711515937538048
506123862560759809
506713342460047360
507151834818285568
510454747720323073
511480635081646080
512196627109806081
513702559543205889
515194402202222592
517782983294877696
519095461559693312
519167122103365632
519817051486306305
522141457961189376
522394893805957121
522692488637997056
524303337710051328
524569091114536961
524588405670572032
524612979850231808
525386679419678722
527032568324321281
530025090294218752
532494839146106881
532552615784353792
533175976310874112
534086751594483712
535390975884292096
535807027701104640
536804444932157440
537597935031443456
538430373592846336
538638527744184320
544191503456014336
545523986508304384
550949170530750464
552822382956916736
554739072477188098
556074223282962432
556475025763885057
558200682340429824
560428016976011264
560482181710348290
561119404927512576
561193560725532672
563987276137791488
566338649009430528
566936036224565250
567034051350253568
567230655650856960
568410737615482880
569548036470411265
570313504793726977
570579229081001984
571258992909021184
571273250606608384
571281730725937152
574366201012428800
574889035690307584
574898122498924544
575014964110495745
576284171540279296
576388015255367680
578082869484003328
578662027201257473
578861799694532608
578898915816288256
580704704092598272
581476319512399872
581491203637702656
590846284082327552
591993048105623552
595868550419640321
595889858121474048
596326464133423105
596561512027815936
598462930343038976
602163013483892737
603280385561272320
603889901482942464
604000245605879808
607872172183429120
609396692782313472
610047819597148160
612920402004848640
613049301879640064
613371592056381441
614327724807729152
614701099380011008
615556337854976000
615874511649513472
615878327493128195
616934866647650304
616997156663242752
618040963861229568
620502950071435264
621754083830013953
624202296382124032
624959224557236224
628902393783189504
629252825458077696
629311263022161920
633914822963404800
633959517995274240
633989231191437312
633989997813735424
635911027234877440
635911030867103745
635911032163188738
637190220631437312
637260485272862721
637368382535299072
637554903238508544
638241538137440257
642642478030548992
643364230071238656
646225311634452480
647341508270628864
647362047706038272
647365600306688000
650946327648567296
650962422107348992
651044604012298240
651166056103305216
651762424371126272
652484264869658624
654654957270929408
655284586725965824
655360535530221568
655430485963886594
660869472555810817
662552291816378369
662554659878477824
663030050460168192
663707809574494208
664469372698820609
664476445838848000
665151559634915328
665173356719796224
665175528811438081
666658471417413632
666868892036407296
667593411847933956
669461112866406404
670877122752327680
672055785229262848
672445993607122945
672462275006087168
672545134375018497
673167365060870145
673525763518386181
673645170026483712
673941700721643528
679712597864787968
683749925604192256
683769770626433025
686809780766261248
687952763460915200
688002178846461952
688026211981881344
689171276074713090
689341044039626752
689742478858178560
690522632295424001
691892383223537664
692064060582531073
692272132764647424
692289573523558400
692683569974661120
693733468195397632
694875996550479872
697073847036743680
697088510558347264
697678394226556928
698214362968911872
699923969026232322
700080686116556802
700257380760731648
700404791797772288
700594826463604736
701696454079991808
701893144720384000
703211128957083648
703229631328030720
703949489036529666
704089805232144384
706957237198176256
707588597017419776
708016318478479360
708196388937408512
708406867555393536
709486061249011712
710730535237193729
712311286227476480
712674546835447808
712683069367517186
718399431167582209
718486120657522692
719833264924532736
719890208569888768
720152928330366976
720197232532856832
720214603263815680
720292639325741056
720619534428872705
720622114592661504
720629354284376064
720632135535693824
720632719038943232
720646285955592193
720648009684533248
720885756785393665
720944250708488192
720948092267270144
721333077847457793
721945920171061248
722074609076551681
722128981919690752
722284613364805632
722363878047219712
722534567446519810
724115521583636480
724510851890339840
725038459686162433
725209617744183296
725765549444190209
726712479800242176
726733876190691328
726841201098371072
728313358357831681
729857392037466112
730697738321580032
731049086615453697
731054055099895808
731113375892185088
731960372677115904
732896091176349696
734708681531633664
734722007380680704
734795191090089984
735199723603267584
736805352474324992
736977961035935744
737374027392647168
737415190325657600
737867689578889216
738724824504242176
739105779622522880
739159973922508801
739731822611927040
740162013373038592
740173750721712128
741305448201134080
741980998573953024
743091007361822720
743497536376344576
743689668449837057
744846222360481792
745196811090964482
746952081001582592
747140352075833344
747418028229468164
747721392897032193
748188366286495744
748979857971933184
749362339942699008
750582384492421125
750589939306336258
750637297150922752
750987475145850880
751344287909117952
752875529506787332
752931132279234560
754299799931871232
756220474183585792
756750874253336576
758076188271280128
760795320343269376
763379622469918720
763383206607478784
764203870201475073
769270707213721601
770978964697387009
771401398571401216
771452231933657088
771669494724907009
772011261450194944
772515859415826433
773257801611304961
774231257131671552
776039500380250112
776327372886933504
777846960984363008
778243541462024192
778579631473557504
778598567250391040
778954953398321152
780849115018194944
781835606116663297
783252305575612416
783267201453322240
783914653759995905
783928593965518848
784171072711196672
785200068173393921
786198632181661696
786491226589696000
786869858482982912
788387607646461952
788650299510644736
789902868027506689
791608666986274816
794116629777043456
794191063137316864
795220980369133568
795990968424165377
796749699718017025
797893712021884928
798182111404507136
798297427488948224
798788883404075009
799251309136408576
799522786020495360
799744609920262146
800417334267613188
800622697864658948
800785347428941825
801352894293409793
802542150164631552
804934676993507328
805019226608173056
805097719576543232
805787060263067652
805937853062639620
806111269640163328
806151056069656576
806158928421801984
806173385055203329
806369005154004992
807621225572929537
808784248656330752
809156888441061376
809698517841309696
809884299776454656
810104993688780800
810192660430471168
811136306088710144
811161729992421376
811449286412079104
811543067383762944
811837594560512000
812237031661248512
814886420108247040
815157565457924096
816009763402158086
817047338359390212
818054545276334080
818081765604659200
818362131791904770
818387348845170688
818757488703062020
819199148876505090
821388532174483456
821720423058538497
821745386490576898
822036113544118272
822059656667365376
823654195672842245
823786757514821632
824188370658148352
824261865039482881
824352548727508994
824635899128356864
824744148603375616
825735513780924416
826923699785850880
827821799580823552
827962122109853696
828591139355840518
829020546495082497
829829896918675456
830739755109322753
830739789980774400
830739830590099457
830739899250798592
830744282420146177
830744644824813568
830745767111454725
830745955444129793
830757064557334528
831064729678385152
831585349147230208
832187886728527872
832274505393438721
832867062804512773
836209956999286784
836929584562126849
839144267725537280
840274682456727553
840831876197695488
841384324511481860
841425833776562176
841608817330802689
842097964382355480
844204627600068608
844234304385368064
844654788432334849
844892001787088897
844892081814429696
844916995648880641
844958111702114304
844964655810392066
845648680464068608
846300274973167616
847005525590102016
847136165337747456
847362499129233408
847812967651581958
848839037863563264
848975989187256324
849344899942166529
849603947421720578
849713322832408578
850217144776142849
850375782979563521
851520728516177920
851714916935454720
851726564626714624
851740596314284032
851810107851780097
852061785339432960
852620437804777472
853201200560435204
854220286534836224
854625402941313024
854644165078130688
854710336536145921
854761017607323648
855015039392264192
855435454388346880
855754875203878912
856169786157477888
856472902379745281
856848266767486976
857495225304010752
857498706148458496
857509477523881984
857617578423922689
857634196826853376
858239213598371842
858691287079432192
859073016696844291
859478233510760448
861276272428822529
861301050086699013
861822242547789824
863302553366388736
863477129899638787
864842119185399808
864922690280456193
865846239862108160
866020433828741120
866245574307270656
866590462341206016
867343662841253888
867808642443227137
869579100029145089
869828427783819265
870016575343964160
870543560336179204
870615181268840449
871144365686755333
871701809991229440
872062444520321024
872374839461523456
872791801345781761
872801814185484289
872904017906716672
873461118534119425
873626928145739779
874188233042677760
874223786807226368
874303535256674304
874309607920939009
875350644655345664
876043694884913153
876390772458881024
876547183436234753
877252614601224192
877269388793184256
877563741461721088
877787677868695556
878149902823501824
878232204232368130
878561389220122624
879265289615101952
879640683371483136
879700807226097664
879703466050023424
879757807716847621
880011669220585474
880436268450140160
880666513690296320
880670368586969090
881193415303729152
881193550171516929
881854286552059905
882571518483603457
882608634424958976
883072928484659200
883422152443256833
883974017165778944
884094003414806529
884104961231118337
884130422627729412
884131045578334208
884132805080436737
884365576990273538
884401236421881857
884425961357406208
884487985252716546
885423080360861697
885457257126916096
885989909307248642
886492818063183872
886523196752760833
888788874037690370
889056077999988738
889127231943049216
889138602277576706
889167005781196800
889455070751883264
889859626073829377
889948245522362371
890443071153983488
890443623510282241
890973576815419392
891047780034256900
892825249598906375
893393976077815809
894879740934410240
894920509158293505
895378070898712576
895858305800691712
895960093946261504
896326602057031681
896471036920836102
896483324163530753
897003167522672640
897108662644334592
897114278284623873
897717525684867073
897948236996112388
898081558153900032
899360130101383169
899661992633544704
900369542219796482
900723399013564416
901103256121815042
901521281249574912
901555217484984322
902985360669634562
903189541162541056
903915040272785408
904363094402625537
904425554379755520
904433199975206913
904434097120051201
904443989897695232
904448425512591360
904628015874887680
904630343210328064
904971847795658752
905440938255945728
905787334511267840
906815105308020737
906850764580155392
907148026866798592
907160389317775360
907255253464223747
907284503776940032
907565516302233600
907587698055139330
908214328758870016
908294271350005760
908441286453030912
908947097390641152
909356877158502403
909472855523504128
909709335781093377
909718399130927104
909755518096433153
909827473390673923
910178627496677376
910944194369396738
910945862926430209
911268780688515072
912202940110303233
912718489982525442
913016142435889152
913065540587057153
914444127063957504
914964408081829889
915265112302288896
915863601595985920
916038261721718784
916278691860221953
916656807820627968
916714454066266113
916942326420865024
917855742786527233
918866335131676672
918909333571858432
919155152375992322
919452089335545861
919659692896538624
920665964282294272
921046279454646272
921102383127650304
921404525600280576
922729034836074497
922764269694877696
922775275506749441
922883444182605824
922915036573532160
923070874244337664
923232511668506624
924314106852724736
925296169307332608
925598125569527808
925618304311492608
925629150316163072
926005183125114880
926395744583548928
926461198199132160
926756338889138178
926756872635408387
927145466831212544
927243860119621632
928147780098551808
928530097191178240
928607847314845697
928946815482974209
929270737680175104
929422312998400000
930087819070066694
930098033852932096
930172567989743616
930409351172509696
930417075788623872
930429628400926721
930434709519257601
930435789523124224
930496062774808582
930585438775111680
930793323345973248
930809858194100224
930820722846552064
930828593109794816
931101878292762625
931163619005476865
931200241767993346
931392403361140736
931488842208677889
931539601075949569
931941359950467072
932166430736470018
932270348338450432
932286915063304193
932352659029463045
932355242116681729
932374086935818241
932388904812122112
932390494340083712
932391736567123969
932401261810401280
932401458510786560
932401580279611392
932404990118899712
932405446878535680
932420574537695234
932449908245893120
932457555082797056
932473585385558017
932491729034506240
932497704533614592
932498378973417472
932501698270121985
932506805250482176
932510623816134656
932510812899553281
932512545180733440
932518404925349889
932522644968235008
932524826119622656
932546049247506432
932546611489714176
932548998728179713
932551602845765633
932562978515406848
932563807880261632
932571219756572672
932575046480138240
932604211849777153
932619595369865218
932619778405085184
932624643369979905
932681211524370433
932715140759289858
932921918981922816
932958039019327488
933004129215139841
933089139964108801
933255423724945410
933363420690374656
933447251904679938
933449026602721280
933585948075614210
933614483204984832
933622195137458177
933622356366581762
933632267313958912
933680507157647362
934042089515618304
934081702128967680
934403456932237312
934520636424294401
935088796063993856
935148989737066497
935274071339749376
935552307953127424
935601823246897152
935635436608909318
935896106113921024
935933641884078080
935943381334806528
936147533826490368
936185163624697857
936257280038842368
936385329224978437
936513773321453569
936523058520776704
936646624465563648
936665781265469440
936938102697885703
937623149411266560
937663602504404992
938039069069795329
938163242567979008
938176358953480192
938740794596495360
938796467447369728
938818208739528705
939068071611895808
939073222229848064
939187583480946688
939472951656828929
939598186150289409
939935232777650177
939936283610308608
939987661539938305
940513806467420160
940525857948520448
940550073225826304
940557496359452672
940580783806386176
940719360708108293
940795485954232320
940997719325401089
941121338294657024
941331268901507072
941598376486940673
941670321802960896
942164257478672384
942176944090644480
942195263296430080
942358103990915072
942907920450310149
943165146918158336
943388328023461888
943431468528930816
943466668805771265
943735699307671552
943972457718976513
944651252318785537
945474628406923265
945670359260585990
946101275417964544
946119648898093057
946143060915826688
946455769611980808
946473933636808704
946546422157017089
946664843947409408
947094801308114945
947107852526739457
947116880342470656
947117395910459393
947130580734500865
947145938371522560
948289066205896705
948289995051282435
948294717472694272
948335968389562371
948499761153363968
949035488786173952
949547961335369728
949583995070832645
949611525534306304
949942761637236736
949990284884168704
950414154313191424
950624372846419968
950690017357295617
950779933856497664
951127176526680068
951727080651227136
951736520309923840
951736867707383808
951780628235767808
951785364221562880
951787926534414336
951804588197400576
951807047292551175
951848420972597250
951867782437724161
951932212756312066
952271229326635008
952447475251601408
952544000044609539
952759194742116352
952958374429253632
952973943408877568
953177445154336768
953649484692705286
954041917104418819
954106247703400448
954115536643911681
954115691174612992
954116322765533186
954117357571657729
954118538595356673
954121396879282179
954125904359370752
954134292967428096
954134330791596032
954260321203605505
954283922359291904
954426694986817538
954430400738353153
954470169585307650
954616887362629632
954617098566807552
954619750474280960
954623018252238848
954652171622068225
954708578421673984
954758522771836928
954770706990067714
954909337742381057
955032841603178496
955099244138041349
955104791646101514
955333224997244928
955341031628791808
955381949782220801
955391769918820352
955466294802964481
955500285803356161
955690447665582080
955729317614505984
955757595461062656
955853607559204864
956050238191685632
956183932092997632
956219555503845376
956447706997821440
956479314773643264
956498851749298176
956577137435258880
956787276184543232
956871544264974337
956872674940211200
957031243463512064
957631913602273280
957652203858210817
957966560135663616
957988813783126016
958255420442927104
958642704908455936
958687163410984960
958932416537747456
958943498752937985
958958267870466048
958966605068763136
958974660397420544
958977617704648704
959120468321161217
959413435325992961
959416476007616512
959492238844755969
959511183664582656
959531106524639232
959546851224637441
959707646289997824
959765811547332608
959788933222731776
959874821357228033
960244956488175617
960285490409852928
960567727382585344
960599122326769670
960783580631896064
960837723090276352
961197422566354945
961272770960285696
961276549835214848
961287917946761216
961565087751458816
961588249457315840
961648950502658051
961718571075342337
961901191943860225
962032973091454981
962219696782225408
962270810420498432
962333924079947779
962355974072881152
962411871608492032
962605986459602945
962644487053955072
962667297948217345
962950578224713728
962952515544338432
963010858442993664
963061224215863297
963080629750521859
963322349243326465
963323483261464577
963338461687222272
963391668484542464
963755639800516608
963861977968922624
964065822065987584
964091118198624256
964114215505154049
964140420002471937
964195611569516549
964285048546570240
964285207099650048
964286240429404160
964383611792146432
964455587928035328
964502739303784449
964506700249227264
964528603571638273
964772152636530688
965250783800373248
965273363403956224
965828929113214976
965908934283485185
966019179026550784
966257209557639171
966307325328928768
966308267587768321
966336392476454914
966616490907750400
966619952835956741
966648120988913665
966679105734365185
966699579851919360
966837563444129792
967025137290801152
967103194152267776
967662687948812288
968133646241714176
968133945224200192
968400587732717568
968428797765746689
968493588857413632
968568051418501121
968779043679154176
968794759061016576
968821427603419136
968872530596548608
968952386608824322
968962767700090881
969116374009307136
969140455215640576
969194244987609088
969324995250917377
969575072653561856
969974333501304834
970217414418976769
970218436646395904
970235524576407552
970237764527681536
970252637143748608
970651459359592449
970652959930568704
970663212411736064
970735478407401474
971006412934533120
971015063304835073
971029056761278464
971081887010775040
971274354871947264
971288866916323328
971342315100016640
971667238439866368
972025807945297920
972043176696602624
972048678914592768
972143497099841537
972144170143047680
972177690630545408
972235078712614912
972395682698063872
972755579084124160
972965971026640897
973113689263009792
973126346695159808
973278075566854145
973311361844482048
973428832710660096
973584015738523648
973591255862185985
973673810300940295
973880516276563968
973887900923330565
973903614031867905
973916523160104962
974164287303421953
974206656551833600
974282671227637760
974607828764758016
974920695338631168
974940667867779072
975052579439874048
975321965467701248
975469958850383872
975661138246623232
975683134573473794
975706315917004800
975855534900482048
976137622463631367
976185627099136001
976463628441411584
976505370012258304
976506969757487104
976738248071540736
976769439738757120
976859496357269507
977141168285810688
977141437908312064
977221479069814789
977234657610797057
977882286556352521
978010188543418369
978323477777272832
978356386194223104
978732546556080128
978967882464944129
979092351577657345
979291404840161281
979334969754574848
979472097297817602
979725133769334784
979741475234775042
980031245630496768
980415773171646464
980748059436044288
980763386219847680
980803731745800195
981282237202169861
981401278977896451
981405663363465216
981748949131374595
981827534978453505
981949718728146944
982126709985062912
982154897993826304
982211999734968320
982217606315700225
982644992027095042
982671947426418688
982674784935972864
983249164791402496
983293740457648128
983351621181673473
983738300325343232
984040813880635394
984080168724717569
984083242356805632
984444918058930177
984558182575067137
984747280937955329
984876758905360384
985073863095672833
985262852050210818
985572180388958208
986128793113890816
986221872424644609
986224691336663040
986231719887097856
986330442386329602
986465975158616064
986508124453593088
986708786038607874
986877863981993984
986915663099973637
986920371877306368
986942852906221570
986949458158993408
986990689132142592
987030124653633536
987040546026934272
987102923736961025
987179089176997888
987253709330636801
987303669422067713
987313292627578880
987344276953665537
987751590420537344
987793165469016064
988371480902807554
988431624672022529
988446965372522496
988699873368330241
988745190922956801
989132754699870208
989145648288190464
989165504383406080
989194978730631168
989385493031858176
989394732026617856
989404695721635840
989414118691102720
989443299521040384
989487838260617216
989771816016080897
989783243942760453
989813250882723840
990158268373794816
990880919430094848
990934011538231299
990950160019673089
991287425577177088
991359979180494849
991415300250849280
991560412167659521
991561636027817984
991564826660036608
991618556373753856
991622587393499137
991776488470040577
991855769208356865
991934160116895744
992008713425838080
992014960552181761
992016664949657601
992129070220632064
992141729863229440
992504036946579458
992702015380819968
992792964966551553
993037851796393984
993043436050796544
993092649816031237
993110816428843008
993216046940278787
993261130180161536
993446372597813248
993501373894361088
993504997949296642
993760838627610624
993772637137620992
993842754789740544
994189347510472706
994237561123098626
994292768494235648
994329504280608769
994467721474707456
994504970161524736
994506343250911233
994541056787206145
994876673010159617
994902668966547457
995248243436150784
995262215468011520
995284742030405633
995527368180674561
995643732841107457
995920814762614784
996012201604517890
996034135549497345
996078363591827456
996304747224358914
996317095997706240
996328330910683136
996361684028706817
996367236783800320
996415323082457088
996655423443951616
996670766790914048
996726217993850880
996783855486070785
996794759908872193
996885743783104513
997063807389364224
997109642542055424
997164635382951936
997183170259898368
997210040523280384
997426054473101312
997456795001151488
997463122393862144
997480892800077831
998282686656638976
998862027174088704
998972296713981957
999035984804286466
999197580260192258
999351760593543168
999560736648122368
999602578760617985
999639687693291520
999916989077323777
999925961347842048
999950774724509696
999986442590879744
1000068737259724801
1000294402739310592
1000338183513571328
1000444246929956864
1000644702331461632
1000747130850545666
1000756782430609409
1000762239916363776
1000769039323541504
1000807884584837125
1000816881463414784
1000847756498472961
1001027562011848704
1001185790410547200
1001818833991151616
1001844628314869760
1001931132760453120
1002093184212664320
1002167288441835521
1002395115929980928
1002596629411704832
1002657066006261760
1002684781115727879
1002802992574291968
1002811083516760064
1002943372213055488
1003203951829843968
1003362549897793537
1003497378194837504
1003569673282248704
1003569712595374081
1003598242431619072
1003624737933840384
1003906659025121280
1003974576622198794
1004019560079556613
1004053723973345280
1004053816768114696
1004302244513280001
1004302876053733376
1004313677976293376
1004316720016842758
1004318689041281026
1004320837988749313
1004327026445123587
1004336189099446273
1004342621190479873
1004343001815109632
1004343240001245184
1004360438539276289
1004372690663366656
1004396772167479296
1004399891265748994
1004401022020849664
1004421690980433920
1004468177450029057
1004639991610343424
1004661466014932994
1004707991722057728
1004773510982656000
1004790317923602432
1004790506881208320
1004838522572935168
1004844063793799168
1004856995835457536
1004870513850757120
1005021267181932546
1005094045331480578
1005122243674943489
1005207826044719104
1005353070962888704
1005427535147159552
1005733635264339968
1005738280384679936
1005822440570834944
1005831852362534914
1006157097585774594
1006161169420292096
1006213595548520450
1006227362994884609
1006413890387931137
1006418489970757632
1006450745263222784
1006569748866523136
1006832003227049984
1006863610860228611
1006873719434866688
1006880250196844549
1006893447809196033
1007268756366774273
1007273904371585024
1007274726681726981
1007283177059225602
1007378391723634689
1007382575860592640
1007383805668286466
1007541726750429184
1007547832432250881
1007570009537818624
1007916652585996288
1007940884049129472
1007945934309875714
1007946326259257345
1007954471278612481
1008006797813321729
1008021981130821633
1008027180603932672
1008034237998620672
1008105312589635585
1008343300796047361
1008444002675326982
1008455470082936834
1008598231591288834
1008697480190492674
1008769969352474624
1008959541017538560
1009021867880050688
1009038079011840000
1009066318883155974
1009071415121899520
1009317084545929216
1009324244973555713
1009378400048418817
1009378467236982784
1009392597113229312
1009685456710062080
1009797356911513602
1010068176116355072
1010129515396333568
1010235790608273411
1010474012122779648
1010486921590657026
1010673281660268545
1010933522612310017
1010934686938468352
1011296770540875777
1011528304669675521
1011555227558907904
1011555451455049728
1011599422944358402
1011612489803591680
1011640268712566784
1011712559693561861
1011858060908822528
1011887086079696898
1011906461033779201
1011912321676038144
1011914064199548929
1011946703187070976
1011975843793555462
1011977126763991040
1011980952153808896
1011986769984843780
1012002728703397890
1012012602233425922
1012012636345597954
1012029206933524480
1012042448925876224
1012045933251645440
1012050992312082433
1012075163540770817
1012253882133680129
1012280928289415168
1012298064017620993
1012308308139692032
1012314425217429504
1012318131942051847
1012330165496578048
1012357946452463616
1012580221470564354
1012586370366410752
1012622361584160768
1013111575484477440
1013342271687847936
1013423266965450753
1013498268024737792
1013499922581204992
1013666360101138432
1013678760648953856
1013682624521560065
1013806958900662273
1013876936098172928
1013902901675266048
1014021570946392065
1014083075700133888
1014102318948679680
1014132410450169857
1014187813317771266
1014208188424556545
1014228387525746688
1014251756052713474
1014384381832712192
1014423961680142336
1014507220216803329
1014521666179928064
1014591260814868480
1014759593556303872
1014769928149323776
1014846847951822848
1014876499198009351
1014954706773397504
1015178351538003968
1015195642799575040
1015217966705774593
1015229781992976384
1015258614062305280
1015365774272233473
1015652506372923392
1015858298178768896
1015992706189922305
1016072159427428352
1016212585685938181
1016296168060522497
1016319868474396673
1016331561531330561
1016532502532542464
1016618704572993537
1016645316869795841
1016645647821402114
1016956533194846213
1016961572726550528
1016976328975945728
1016991998836985856
1016994411081883648
1017012701908881408
1017414773456031745
1017424895905533952
1017761830826110976
1017795310268055552
1018106164117213184
1018753096799965184
1018857570272989184
1018858704844869633
1019168862728806401
1019255604400050177
1019463967008321536
1019488532648353792
1019505868327579648
1019530322260656129
1019546833905963008
1019574810077212672
1019603321647239168
1019687235581509634
1019848599784579077
1020247841007075328
1020272899041767424
1020573929117814784
1020592682052333568
1021277660432019456
1021302205532524544
1021431466335571968
1021442802075557888
1021538337319018498
1021594341771542528
1021718488967262208
1021747446156865536
1021803024111620097
1022425291715690496
1022450568009277440
1022822113604980736
1022908939724353536
1022971890082697217
1023655347721039873
1023888640773156864
1023962336284106752
1024199406965456901
1024570020372860929
1024587889856966656
1024589708645548033
1024590789563822080
1024591961909551104
1024660755956879360
1025086196542840832
1025326977883013121
1025345912896466944
1025355126008160258
1025360731628285952
1025452117945974784
1025664336809869312
1025745705586057218
1026056371513516032
1026057174450094080
1026130750670815232
1026142238261370880
1026579161471758336
1026713962904268800
1026735682583240705
1026739115436453888
1026850869973839873
1026852716209995776
1027425606911385600
1027492828291715074
1027518954485501953
1027544185069600770
1027801908394831872
1027830714631368704
1027905454930845696
1028341666028183553
1028350387286433792
1028609183938215936
1028617468447731713
1028634602817118211
1028645495546281984
1029230010945753088
1029387959806697479
1029445298735796226
1029464207790624771
1029699112437002241
1029836567060406279
1030040044936015872
1030050446545760256
1030086720388247552
1030086881072087042
1030169360898371584
1030203418391076866
1030919583736233986
1031077528415416320
1031536656329916417
1031847763934359552
1031888192507658245
1031895532002832385
1032146178874454016
1032166572243202048
1032169398377832450
1032174307894550539
1032215647198031872
1032287022956859392
1032539876154060802
1032575985215004672
1032635071340195842
1032654656135221248
1032710523438198785
1032938693626134528
1033339040563703808
1033559157612453888
1033707738696765440
1033731753775648769
1033785829662117897
1034033046767501313
1034402332602187781
1034534396097900545
1034696079248445446
1034737763168538624
1035074563607064576
1035175962957234176
1035233403111698433
1035234463997992961
1035447446606938113
1035634041419169797
1035890029317509121
1035892403285188608
1035892515516436481
1035913941757648896
1035966517157003264
1035968712346611712
1035971486723579906
1035994139572269056
1035995270033670145
1036167322250170369
1036216652021604352
1036274531378311169
1036331079681142785
1036342531032793088
1036534294431363072
1036727303756296192
1036853157429760000
1037221261280206848
1037233118976065536
1037233589698613249
1037234089932271617
1037243477287993344
1037248482472591360
1037263649600090118
1037640806583160833
1037698804911366144
1037717022543626240
1037794570422177798
1037820626004783111
1037952195805814784
1038019962957381632
1038113453825765377
1038211559217135616
1039043210532847616
1039062383455612928
1039613367814631425
1039778514105450496
1039779623062654976
1039784800440266752
1039807430987800576
1039811772063145985
1039828709711208450
1039831615369826304
1039842803176624128
1039851397305511937
1039857572927426561
1039864704993243136
1039929768001658881
1039946646145130501
1040150928291188736
1040151225168277504
1040161924774805504
1040230292450099202
1040237406069215232
1040265082301808640
1040351191237124096
1040397358847209473
1040507878644350976
1040523140709920768
1040527194207002624
1040529029328265216
1040532621154045952
1040533628835561473
1040553783300907008
1040585619859296257
1040590354465153025
1040592764595888128
1040613756148047872
1040680986965692422
1040957704515268608
1040993999098667009
1041192659384188928
1041355670468128768
1041441728388128768
1041811994578321408
1041961244855549953
1041969629806125057
1042010524135907329
1042029626057519104
1042029738079006721
1042033410179575808
1042055012241825792
1042085664693649408
1042086472583659520
1042092285129838592
1042126690992971776
1042297813902786560
1042316981272301569
1042377585253142529
1042411987806896129
1042428734429528064
1042447173567361024
1042449234610606081
1042458303576649731
1042497097449267201
1042499664157859846
1042634941132091392
1042886271805341697
1043066602739171328
1043207703080980480
1043606303074131971
1043917066691072000
1043926814958264321
1043928295107170309
1043931249776185344
1043954051736641536
1043988169115541504
1044098962888765440
1044127055263256576
1044128062596624384
1044133119039819776
1044133192096251904
1044157134567608321
1044161444919607296
1044281514589138944
1044481119423475712
1044505470705315840
1044575021744705536
1044578008839991296
1044580265861906437
1044647991670444033
1044863523774492672
1044863775113990146
1044921924374147072
1044937890478911494
1044963941284229120
1044990413713682433
1045232773169119232
1045253903128965121
1045267727659798528
1045307219397480448
1045312044315103232
1045341840986320897
1045376483076788225
1045393409299681280
1045415872129568769
1045561046688305153
1045572685483438082
1045613372815937536
1046751707085123585
1046860159891460098
1047128001962565634
1047372158866010113
1047375925128699904
1047406763564290048
1047416430080249857
1047429672559169537
1047472543039414273
1047474211319631872
1047544979789434880
1047561681642110976
1047796059249016832
1047797776900341761
1047818646955970560
1047948285053489152
1047985733045243905
1048099781854351362
1048174094573883392
1048219357137047552
1048239202100531200
1048289507727036416
1048573954905034753
1049363852377411584
1049604287234498560
1049776108420431872
1049898679757344768
1049928305883967488
1050048618940518400
1050118930948329472
1050323380304564226
1050326388119621632
1050355661576523776
1050378481312419840
1050430797252108288
1050455105026297856
1050483318817529859
1050485245047394306
1050758427474051072
1050759436049031168
1050761307606175744
1050761631414853632
1050762839139512322
1050763162100883456
1050763851577380864
1050763895776923648
1050764574205587456
1050765763165003777
1050765868710420485
1050772257948266496
1050772711247613952
1050776362586435589
1050778253928132609
1050781321252012032
1050784546394755072
1050784948326723589
1050786236720398337
1050788173134090240
1050795299231412224
1050799307501301761
1050799957928755201
1050800624684679171
1050805276109144065
1050811863536201729
1050827050410487809
1050831712039657472
1050836360704258048
1050839590431535105
1050990881745108992
1050996125442945024
1051005002704216065
1051068004522442752
1051069295634116608
1051069539029606401
1051119068093325312
1051264063668412416
1051277216158502912
1051380813537923073
1051381130837065729
1051426478913716224
1051445499113422848
1051537462617657345
1051573234720759810
1051589540891283456
1051589832391217152
1051716490905423873
1051720250281078784
1051729641340329985
1051733590042644480
1051733927923253249
1051764224303747073
1051874782604644352
1051876737540337664
1052070132384718848
1052103707825975296
1052176223982497792
1052178274133168135
1052505927847370757
1052547956396703745
1052569781604413440
1052574536447737861
1052574671248482305
1052578639001325569
1052652587391090689
1052662418063548416
1052807046368780288
1052823277075292161
1052823497762856966
1053150069447385088
1053218705235210241
1053258400514084864
1053273864367677441
1053337467238207489
1053348119860183041
1053647226927566849
1053674079654436864
1054030837459681281
1054059645239812096
1054101354862518274
1054262902755115008
1054263250844565505
1054364434758619138
1054375030572965889
1054388460495269890
1054427400266752000
1054620157983760384
1054800172834807810
1055021364413952001
1055040196109090816
1055056041572995073
1055105680254910464
1055218715439042560
1055325792002105344
1055429664079036417
1055475945128243200
1055508870578212869
1055538885051277312
1055706762559537152
1055747835218530304
1055761455281246208
1055787277497126912
1055867986257629186
1055905172063424512
1055911218844708864
1056085556311060485
1056177458934886401
1056489873698418688
1056521282953580544
1056636343189733378
1056806230755295232
1056892900917895168
1056893445896368130
1056920501740888064
1056947439461117953
1057279844776660992
1057574227329585153
1057608602070986752
1057615858107904000
1057688452760772609
1057714548936003584
1057865607201349632
1057924853062422528
1057952297211301890
1058119980171124742
1058121806110998530
1058323232573587456
1058342214139609088
1058384289291780096
1058387179972583424
1058393276603080704
1058986046413778944
1059060843688673281
1059220418274488323
1059329206595792896
1059335601986641920
1059399600497459201
1059413841631690752
1059458916466208768
1059725683390365697
1059726469566472192
1059767741937340416
1059806400065519618
1059956979429445632
1060080841475481601
1060147370091073537
1060167608274694146
1060192955615584257
1060212580336238602
1060233552468549632
1060237176770830336
1060446325672734720
1060535960843227136
1060539151475527682
1060548884194320384
1060551718440759296
1060620780894150656
1060631426285084672
1060633270113710081
1060639248766906368
1060664585726947329
1060765973840646144
1060787307907899392
1060861843583975424
1060865518826078208
1060927570903027713
1060929004163792897
1061020554348687360
1061176698178297857
1061190070995173376
1061359752272379904
1061563048115216384
1061587899806896128
1061606976629719040
1061724536377405446
1061904518697402368
1061997500796727296
1062070650595147776
1062076212720345088
1062088895624630275
1062266833271750656
1062312700095557634
1062402766075772931
1062616375653490690
1062651510780297217
1062697913829285888
1062729148811149314
1062813378257805312
1062888164581404673
1062984857855451136
1062988121703436288
1062992796347494400
1063092255848873985
1063359892420026369
1063360365524934656
1063423417733533696
1063452612161343488
1063459366387486721
1063926325600235520
1064084007992901633
1064089028495069184
1064100967782719494
1064115792927694848
1064124738560233472
1064273876056793090
1064415101342621696
1064491640054796288
1064535216876912640
1064794556267470849
1064801239936978944
1064803546623819776
1064822939206524928
1064823152792920064
1064823404308676609
1064835775634841601
1064985255306776577
1065290797837369344
1065324843464310784
1065355284766515200
1065530671526014976
1065530944206106624
1065547137432330240
1065554013180055552
1065573535219892224
1065586135546646528
1065586451100913664
1065586473053896707
1065651929316057089
1065682353245380608
1065720758113054721
1065922298845241344
1065924869399949312
1065955526410993664
1065956226389995520
1065966880618409984
1065998924580818945
1066081676126838785
1066341897629810688
1066660358696374277
1066815110558171136
1066996077881102336
1067032077944713216
1067044481143369729
1067055227675774976
1067075736471855109
1067342106266615808
1067343877370232833
1067370383425327104
1067431128187846656
1067444419002073088
1067469418102439937
1067469990616535041
1067478584405708801
1067480171408576512
1067486454182539264
1067503850343538691
1067715062788497409
1067721713503412224
1067721926980714496
1067722666071769089
1067742905757048833
1067769067703029760
1067773685325619205
1067795813018075138
1067831571544190976
1067854412666871808
1067904410041364480
1068073631950020608
1068077981392871424
1068078668281495555
1068078896673943552
1068080606112813056
1068084377324871681
1068086651623276545
1068104442304765953
1068106343721172992
1068106638081564673
1068121215078973440
1068122459826790400
1068149875840294913
1068150275687501824
1068156785515741184
1068193522178801664
1068213667638972424
1068263860145192966
1068266622778073089
1068267195602481152
1068278000217718791
1068280626988675072
1068395453719416832
1068453471593078785
1068488400792141829
1068496823923458051
1068597779289829376
1068800898942545921
1068819989749264384
1069164125438255104
1069215141231845377
1069215474507018240
1069252938126802945
1069255070892601344
1069294962817273857
1069607253098070016
1069649261359443970
1069654263465431045
1069959591260250113
1070011264909410304
1070016406496964608
1070100466648920066
1070267953986318336
1070405948894822401
1070434587917107200
1070598473769209856
1070641604141203456
1070675760095080449
1070725620458536966
1070953707980943360
1071042091952848897
1071103076717731840
1071313430517178368
1071321839320907776
1071477888669630466
1071649038250971136
1071803859591405569
1071806276861128706
1071812019404328960
1071836969091690498
1071888250388791302
1072115303373512707
1072125103343894528
1072150637268385792
1072157573611225093
1072201789586444294
1072437143698591744
1072437295628865539
1072479150173290498
1072508092988964864
1072514859118592001
1072515195698843655
1072522301055385600
1072728904375435264
1072754842806960129
1072789052179521536
1072803206412058624
1072849819406909440
1072860834924249090
1072865436054708226
1072889127421599744
1072927497363341313
1073109839260344320
1073134843242971136
1073170469614964736
1073173547533721600
1073224246254559233
1073232443237380096
1073356456345391104
1073357341616168961
1073360493534941184
1073364333890019333
1073364408523546624
1073365197514002433
1073365883601543168
1073367181126262785
1073374350756188160
1073375324811993093
1073476438362329088
1073522677330182144
1073535482506682368
1073535921365110784
1073536639287336961
1073536908167401472
1073538132908347393
1073538274495488000
1073538323082330112
1073538525151272961
1073542541184782336
1073543294897086464
1073544343565291520
1073545222565580800
1073546588230991873
1073547421467242501
1073551619235680259
1073552524995629056
1073552737072308224
1073556467381354496
1073559855368208384
1073560339697020928
1073561007824482304
1073562954312937472
1073563444165689344
1073568185784377344
1073589458379948032
1073607622073466881
1073646861871996929
1073649316005318656
1073650504029343751
1073729338581893122
1073894931473801217
1073957681327718400
1073961078214799361
1073961174738313216
1074202451178414080
1074231025910382592
1074320100080128003
1074642162980151296
1074694917136506881
1074831779155054594
1074833443471745024
1074971426023710721
1074993574897438720
1074998937759686656
1075006901019123712
1075013493932339200
1075027668385574915
1075064500565524480
1075066792672980992
1075075550849495041
1075081085678223360
1075085298558738439
1075087664246915078
1075101039324553216
1075310388756013056
1075317692867989504
1075382544022077440
1075387130959007745
1075411823481053189
1075484199245754369
1075516935977295872
1075691162978185216
1075775589284368385
1076255267640225793
1076569533803053057
1076578232210726913
1076769310633267201
1076881674338742272
1076886821353721857
1076921458947997696
1076923481881829376
1078228175128350720
1078306293754949632
1078402433968160768
1078444499322499072
1078958405350551552
1078962721952092161
1079030842498924544
1079271116517052416
1079704267471110144
1079756302493069315
1080011003478401024
1080102994740428802
1080103282394177538
1080145911446159360
1080474368302563328
1080532158379450369
1080587265880002562
1080724060101840896
1080773006094462976
1080779145389506561
1080823848587665408
1080952277391818753
1081124781607534593
1081453741251932160
1081460655679516672
1081546576806465536
1081602157609209858
1081672216247336960
1081888737188028416
1081899329672134661
1081962859251273728
1081985766354571265
1082034158682193923
1082173542995804160
1082237820142579712
1082254106050379776
1082565474116882432
1082613847003938816
1082934980987244544
1082980181114003461
1082990757022232576
1082994966513750022
1082998584528855041
1083013191389589505
1083035256125566976
1083083563749265408
1083200354676686849
1083322626674696192
1083379849635528704
1083453221715079172
1083720283779944448
1084269026015096832
1084418878241996800
1084419893288673280
1084456148995063808
1084463788571717632
1084467917067034624
1084471009204453383
1084481672668688384
1084485398687072269
1084539120796475393
1084758992012886016
1084931897321574401
1085129829555601409
1085131166326419456
1085131391002652672
1085147687836622849
1085157786160312320
1085182572055867392
1085184789206814739
1085200826132500481
1085207307326230530
1085247029343936512
1085259149141856257
1085292575005835269
1085384370075156485
1085459771006828544
1085462030851686402
1085468311209562112
1085468978875715584
1085494590654828544
1085533809003646977
1085566552349528064
1085614470351765504
1085614886107996162
1085854667224035335
1085859225505533952
1085868595878465536
1085897074263117824
1085903191110238208
1085985646521532416
1086209344507650050
1086223045352738816
1086262519851896832
1086275314303459330
1086276938627338241
1086294480217616385
1086579863404855296
1086587086277349377
1086611326095495169
1086682810092523521
1086721829048340482
1086934183572836352
1086946743730749440
1086977182864470017
1087087539998068737
1087122438629048320
1087269026202640384
1087332151077584898
1087371928430694405
1087389074585997312
1087418800314765312
1087621808495443974
1087677868346408960
1087685599673356289
1088004334607044609
1088082270928412673
1088192944430108673
1088203481037574145
1088752262405652480
1088880141470703618
1088885454374662146
1089089925507698689
1089103992955813888
1089141302959181834
1089143929495318528
1089149185566404608
1089152419509030913
1089184299256025094
1089184580559618048
1089222262862082048
1089249144324132867
1089278019041140736
1089598090628268032
1089612475388043270
1089618237321560064
1089883215043723264
1089886162335027201
1089916373222998016
1089917276554440704
1089989119420305409
1089999615670317057
1090144080431063041
1090156361231552512
1090168805953810432
1090242633685962752
1090281185757065217
1090295692688527360
1090537451498680320
1090552056367251456
1090627268660154368
1090634861952548871
1090680390438797317
1090681009232850944
1090850684294057984
1090907701679452160
1090936388701339648
1090971963739291649
1090994721684709376
1091030099053416449
1091033519529385994
1091034635386187781
1091045401069789184
1091079918648258561
1091087187863572482
1091096325972733953
1091282829781151744
1091304659833315328
1091320926237614082
1091338388052033536
1091354903082135552
1091359747222237184
1091361072492277760
1091368032537063432
1091644748123856897
1091734317766770689
1091792243730640896
1091973042287374337
1091976659157307395
1091987142639828993
1092073404977610753
1092156483482071044
1092167617639563264
1092172404934217733
1092218727880425474
1092330027792896000
1092346362555961344
1092358780451459073
1092369435829125120
1092406456731815937
1092547907734196224
1092593189335326721
1092596057626865665
1092706186699440128
1092913105666035713
1093235997339541504
1093461196890669057
1093464509958762496
1093513550247661568
1093554658918973442
1093573096483811328
1093793581763055619
1093881874986999809
1093882097104760834
1093935384982097922
1094165486043058176
1094283481125920768
1094406634695245825
1094638959353872385
1094705789439303681
1094840554653925377
1094889413019164672
1094903211897638912
1094973656416038912
1094973892161167361
1095211926651576320
1095334256899846145
1095358075551272961
1095635161255952384
1095646643863601153
1095664761012932608
1095763732737740800
1095981712142675968
1095983937028005888
1095987961076817920
1095989786676998146
1095992703752564736
1096022632691089409
1096043314325921793
1096047171772862466
1096062626562478081
1096067925272858625
1096102160587202565
1096168632755851265
1096177405302050816
1096350566530367490
1096350733673394176
1096360604766490624
1096417348876189697
1096426271402283008
1096432460890624001
1096447172785176577
1096448623611654144
1096544760259596289
1097073658504335360
1097106522851680256
1097159027572830209
1097180951522746368
1097201052158492674
1097442750520311808
1097771267841843200
1097804470472323072
1097807530099642369
1097854175818510336
1097883808416841730
1097892602425282561
1097892641570729984
1097916014451441664
1097955519803871235
1097956775742062592
1097979143357153280
1098068655206793216
1098164574136741888
1098186199238434816
1098251744528748545
1098254685390204930
1098261806479536128
1098266997954134017
1098268289162272768
1098277817253535744
1098297510664249344
1098297817435639809
1098298427266478081
1098298690886909952
1098301102322257921
1098321841578565632
1098473525025931264
1098486949315256320
1098539056659611649
1098569864430714880
1098575515454242817
1098577729132343296
1098616862072586241
1098617436008579072
1098619964196618240
1098662565348036610
1098665671548903424
1098684024472637442
1098712138191900677
1098713149816164354
1098713744719392768
1098830761988378624
1098897212174667776
1099240549788336128
1099277327329038336
1099306440810995712
1099705624441442305
1099968191600779264
1100057143586238464
1100124672153341953
1100128161277321216
1100290292085854208
1100595972609097728
1100654259715096576
1100708288272965632
1100766540142727169
1100772467294044160
1100794928815325186
1100808295974096896
1100861947367559170
1101049593406648320
1101155606449262592
1101336055045853189
1101444277480161281
1101467774445109249
1101473411874852865
1101544071540150272
1101611228789645314
1102315506110001153
1102322203012591628
1102522989877313536
1102531505832775690
1102822867782324227
1102906760812212226
1102993852640739331
1103025870854373376
1103223742723997696
1103225579317456899
1103244624922071042
1103257287383240705
1103302406018949120
1103321660923527168
1103334269836034048
1103354161398190082
1103388639868858374
1103405291855663106
1103556551099469825
1103561023544532992
1103638534404141056
1103658849058332673
1103816658592976898
1103966291797393411
1103980801769775105
1103990466062831616
1104105971687788544
1104351493975506945
1104353602448093184
1104370998315495424
1104468683911561218
1104472659381886976
1104476078633091072
1104648726285639680
1104684987675217920
1104719298466144258
1104738122066288642
1104861128633565184
1105007015254999040
1105024163427823616
1105149255994560512
1105166548707229697
1105213640679006208
1105445495516946432
1105461240506257409
1105467558847758338
1105524467114131457
1105545921004212224
1105778257926983681
1105856503225950210
1105870175247761408
1105905669289451521
1105910337344286721
1105953047899971584
1106173330959278080
1106256147273666563
1106298999189966865
1106466712206147584
1106469943590174720
1106503190248374272
1106537088181301248
1106539266845360128
1106614824568569856
1106630603741511680
1106639021755846657
1106641528049623043
1106850293998858240
1106890037730426891
1106936309573210112
1106960422178095105
1106963083921108992
1106974906615504896
1107010150592851970
1107192097633984514
1107218374940069888
1107230741274849280
1107253690023452672
1107254271072821251
1107308369814188034
1107571365513695232
1107572149932433408
1107689431518056449
1107706373150834694
1107709124421320710
1107728745006317568
1107902192084754432
1107947914255650816
1108031557116350464
1108043153335115777
1108051552701464576
1108079121815519232
1108087283205451776
1108125569118539776
1108237837655265281
1108249074447368192
1108252709818372096
1108277035728818176
1108294814435561472
1108370384636788736
1108404996519927814
1108458501351882760
1108482647683203076
1108654979336863744
1108655907360161793
1108673259061608448
1108690881291407361
1108714224052854785
1108714512256036864
1108779702171377665
1108791949228756992
1108864156231438342
1109051775812808709
1109056103621505024
1109087623124013056
1109353329979723776
1109415974455906304
1109418464207347712
1109423161848852486
1109542036112322562
1109651725508591616
1109755386901524480
1110060251129233408
1110077737555906560
1110128434976571393
1110301449601404929
1110441002848960513
1110476466536566784
1110550675652571136
1110565394169978881
1110596301807325188
1110603004300980225
1110605780749828099
1110607348807225344
1110612167466864647
1110658636760653824
1110862366147780608
1110920416082706433
1110926343259197440
1111085940817252353
1111231898729222144
1111245048530812928
1111274829829816320
1111278132877840384
1111339276770463744
1111357794756845571
1111358306445086721
1111513670453002240
1111519152156614656
1111585580566089729
1111651350012723200
1111754183760326656
1111921073283653633
1112079427914121216
1112364760622784512
1112411090846212097
1112418417338974209
1112611510122098689
1112618793417756672
1112657888621805569
1112800356898144256
1113002617016324096
1113022199693180928
1113065627768385536
1113071786164453377
1113134214159982593
1113164565808844800
1113184902466465793
1113215025618018304
1113300587859386368
1113335905102835712
1113358017821663232
1113752398072295425
1113776018949648386
1113799648282578944
1113810430366048256
1113819323091619841
1114141172379860994
1114481211613884421
1114678663918882817
1114928798766649344
1115131280293879808
1115166428993335296
1115200778409529344
1115372969331654656
1115472931914752002
1115509172039294976
1115564779727462400
1115565750482362368
1115621312783896577
1115633599699660801
1115673144176652288
1115945769565966336
1115948665829568513
1115987829576880129
1116248551560970240
1116256577357602816
1116277021716492288
1116279421546180608
1116283856183812097
1116303961542287361
1116307044972355584
1116327295822725120
1116372251501318144
1116465811571519494
1116685654073720834
1116686652758548481
1116709326926876674
1116735200371847168
1116801458622668801
1116802083188105220
1117126358671536128
1117352380071317504
1117410514458632192
1117689156145229824
1117691221944807424
1117724653584310272
1117783420745207808
1117860919172685832
1117873704241958912
1118033381487464449
1118040677487714305
1118068288217669632
1118072372119187456
1118259868559904769
1118412824781443072
1118520246250479623
1118545758578466816
1118770764877053953
1118810426203156480
1118838737490911233
1118884730878025728
1118920803012227073
1118970646455836673
1118975714336956416
1119336886114443265
1119523602980847616
1119525498919555072
1119525609263247360
1119597550670163968
1119639510927716352
1119891997194637313
1120004204238659584
1120004591997857793
1120229135392092162
1120244399487815680
1120345138197405696
1120592254144581633
1120669909816696832
1120954913431916544
1121328884505563136
1121330431541022721
1121446924081561600
1121456833301024768
1121476157164216320
1121477188212203520
1121506929862479873
1121655193492320256
1121741007631077379
1122115847814774784
1122116968012812288
1122134150264369153
1122393197349568512
1122427575769473024
1122439295346909189
1122502760614780929
1122533211400228865
1122538660807704577
1122576539768512512
1122800960634589184
1122842477180878848
1122879160928690176
1122901012145147904
1123140396085723137
1123153821658750978
1123180148629569536
1123186750065709056
1123263618970202112
1123326810853445632
1123327563303145474
1123482133367009282
1123528489670520832
1123528933574619136
1123570979932913664
1123596672704102401
1123673182047748096
1123851321495494656
1123949485158273032
1124168642021736448
1124199074058657792
1124232161744293888
1124242675195105280
1124298920044191745
1124304792459862016
1124318605397590016
1124331192424259584
1124351250395541510
1124372472340598784
1124452232085299201
1124622288236707840
1124682876019204096
1124974779570774018
1125139348393996290
1125349825174745088
1125359470001913856
1125473092829052929
1125676175525859330
1125695912955777024
1125700852432416768
1125710991080218624
1125713279941316608
1125800404967743488
1125808360861908999
1125809286595129345
1125825751306133504
1125831898222276610
1125888912923275264
1126007039111630848
1126013810064674816
1126122995364302849
1126132884509687808
1126165956403912705
1126209204249870337
1126214108532158468
1126385719386300416
1126405999416492033
1126448924892516353
1126529591252869120
1126539570022162432
1126542355656523776
1126557322568978433
1126733947193348096
1126793416904462336
1126801163901440001
1126801647819214849
1126806273842925568
1126807774174818305
1126841442578649088
1126862716520550400
1127108190682984448
1127160466051039232
1127227452097474560
1127231759253483520
1127299385694539776
1127299568469725184
1127495827914743808
1127649426061893632
1127803681318035456
1127888516405432320
1127931700414164993
1127967633075265536
1128219835148718081
1128261252063559682
1128292308842106881
1128314400241324032
1128536444782428160
1128578091528466432
1128583001330343936
1128663256673943552
1128730380587106305
1128742611471282185
1128757709535367170
1128783570544279552
1128895486813978625
1128926803152789504
1128929185442009089
1128929195336323073
1128930797879275521
1128940505939759104
1128953130383761410
1128961820268617729
1128964879262658560
1129020168993165312
1129072377281728512
1129355088609382401
1129468553479020544
1129703546411208704
1129789609754451968
1129853211106525185
1129854647974453248
1129862726271086593
1129863393471586310
1129999068447551490
1130027645545193472
1130117901384597505
1130123369549107200
1130151910386950147
1130208388334399489
1130212268636082176
1130399209029607424
1130403631302414336
1130432797112512512
1130434594438897664
1130519143093035009
1130533959845199872
1130720454782722048
1130722461920747521
1130733077838422016
1130807407146409984
1130847834117328899
1130977310340014081
1131123096235192320
1131132151771074560
1131178658465550338
1131205694756200448
1131324286449401859
1131445817385070593
1131469518910500865
1131497653651595264
1131508766401343488
1131541968994078720
1131553285289193474
1131578104324022272
1131602002641870855
1131614312018141184
1131651677373763587
1131659884808818694
1131679254482169858
1131801033926221824
1131946753052295170
1132011263041638400
1132012628702896128
1132043455679668224
1132044549478604802
1132067415544799233
1132070406880468992
1132177835051880450
1132246893260607488
1132252994274250753
1132307685922222082
1132396707973619713
1132577456337108992
1132580501569581056
1132581812121821185
1132587992294580224
1132601107497312258
1132625651553492995
1132730910149881863
1132745638028939265
1132899790939983873
1132905615930609664
1132910539653484544
1132953042943434754
1132956654415351808
1132956982099550208
1132957330868510720
1133034353309769728
1133043167329181697
1133116659990978560
1133311133383892993
1133314707861979136
1133316202812661760
1133389696367845378
1133396504381710338
1133452401791442946
1133610331144634368
1133644316491096064
1133714799576178688
1133723146786398210
1133725768750686209
1133726665341845510
1133797790038003712
1133993440348450821
1134042032354353152
1134042355059892224
1134194945907187713
1134223348689461248
1134229915182796800
1134231237000925186
1134380586196492288
1134398092852285440
1134817657449078790
1135084898493095938
1135162463442350080
1135189753958211584
1135233037489168385
1135263385011052544
1135266320885387265
1135399487730569217
1135425680295038976
1135561083723440130
1135562097813860354
1135653926785736704
1135808738663837696
1135926982246567936
1136145286471016448
1136148045287084032
1136153090384678912
1136183187565137921
1136245534988132355
1136255157962977280
1136257476444282880
1136257877029601280
1136269424695140360
1136289398348271619
1136292870128885760
1136294493815226368
1136294583367852032
1136333808263979009
1136364958265073664
1136388809036357632
1136404971337998337
1136493686483820545
1136557699368398849
1136643759003852800
1136682105449123840
1136698087605526529
1136940567202533377
1136940873147650049
1136963894759612417
1137020387622080519
1137031879402696707
1137328907458420742
1137381063880298496
1137658065023643649
1137730398723743746
1137735962023342080
1137802590148878336
1137813734976557057
1138031946511134725
1138039086411853825
1138146771606089728
1138427115144187904
1138471875439484928
1138565155997044736
1138716240988520449
1138776619982696449
1138871172018397185
1139237533123055616
1139237741462478849
1139245983978729473
1139324465320476672
1139510278348070912
1139562812815106048
1139564566898192387
1139790234839932933
1139808153107861504
1139818545267662848
1139819404420702208
1139878931874689025
1139880129650450432
1139979727777804288
1140034938181316609
1140140565268508672
1140174063786176517
1140177911577743360
1140247827769176064
1140279087828754432
1140309258858356736
1140361611892461568
1140548888404926464
1140558499648331779
1140565591608221697
1140602775413428224
1140636420022906882
1140636596724801536
1140684746609086467
1140725215649050624
1140936487925624832
1140937450321321984
1140993279447769088
1141029517651324930
1141036739382976513
1141218903835758592
1141222026373423104
1141226218458628097
1141234863699308544
1141274553638957056
1141411438583570432
1141438073374412805
1141587464282411008
1141815977384001546
1141965244052529153
1141986024706457606
1142018549529108483
1142062072542445569
1142112982715052033
1142144239838650368
1142160827388219392
1142163479119499264
1142250027949146113
1142348140848267265
1142415486161960960
1142539481603608576
1142754142206799872
1142757100491354115
1142802132246159360
1143086025914441728
1143103870056456192
1143137994393686016
1143172938977435648
1143175653849780228
1143212795636457472
1143228398107537408
1143267272364089345
1143387019730673664
1143421010869477377
1143436035365494785
1143470311637180417
1143494256490897408
1143502464047616002
1143798763129061376
1143823175018590208
1143850072884596737
1143891580841013249
1143910684285181952
1143917675732766720
1143927327111430144
1143950045697445888
1143973105389441024
1143985579950006276
1143997180316962816
1144138578953494528
1144144157138702336
1144155232907272193
1144156182434787328
1144175137803161601
1144183222877773829
1144238180700512256
1144287598002737152
1144335040417021953
1144364700232290304
1144482680647536640
1144496569250488320
1144502742100172802
1144512020395515904
1144540464898555904
1144556212555530241
1144566783086649347
1144571056612696064
1144588151815585793
1144675157346267137
1144856326465568768
1144902513033961472
1144991532019277824
1145024740211474432
1145347414011912193
1145348309676113920
1145380370151612416
1145428201889550337
1145575784788176896
1145595525892399105
1145597163621310464
1145618950056742913
1145690842713210881
1145901764698357760
1145921548500590592
1145971991368916992
1146032873939578880
1146070416500224000
1146091313978314753
1146092379541086210
1146101218269442048
1146119729221971968
1146126277927194624
1146129003390148610
1146147870854254593
1146189275219877894
1146310187592105984
1146362234127441925
1146363778424016897
1146365072731774977
1146384089626423296
1146384168252841988
1146423266514472961
1146500060596903936
1146519296295735298
1146528101368762374
1146531093765603328
1146654933795704832
1146732447129886720
1146777327327727616
1146860185392222209
1147021190927507456
1147078002246918144
1147150497641578496
1147150962643091456
1147188098180296707
1147228516855013377
1147438262652493824
1147511947287511041
1147518169545945089
1147598577839083522
1147605890838794241
1147724663906361344
1147777183793987584
1147813127037378560
1147926895507529728
1147929181990326273
1148122764580151297
1148299078540976133
1148473262420168704
1148682608672485376
1148858026331389954
1148926213949448192
1148928830154915840
1149185394824613888
1149198471158796293
1149200913199960069
1149233565743353856
1149240610269872133
1149281621616599041
1149299268165021701
1149337721191710722
1149337853849198593
1149355968158998534
1149647544525287426
1149767678321672196
1149910171948331009
1150153511990104065
1150157203606855687
1150348035211366402
1150352516577746944
1150416142063853569
1150510660247330832
1150669448321413130
1150675962918572038
1150728316850233349
1150762190636494848
1150788590156288000
1150796188385447940
1150806662070112256
1150838116170813440
1151042153637920768
1151162423975522305
1151190896605564930
1151190909230469121
1151241757637697537
1151380610218418177
1151491028337201158
1151494001494757376
1151525293515038720
1151767401370984453
1151775589143076864
1151785505509511168
1151863684148473856
1151881891668254722
1152162101827387392
1152202603754921987
1152411089725984768
1152466480673513473
1152487693433151493
1152565754425958400
1152578531467153409
1152611563506978816
1152989424168439809
1153015869552898048
1153222749403394049
1153352488294264834
1153367040679432193
1153408337775661059
1153514822845239296
1153754786677829634
1153901953694535683
1153911309609721856
1153945835807358976
1153954845377912833
1153964337620553728
1153970294698258432
1153971059361816578
1153971242749321216
1153975209311051777
1153989918517059584
1154007023425642498
1154014266338566146
1154029326465150976
1154032851974680578
1154040712062619648
1154052107806420992
1154054768249180160
1154059888257052673
1154062523458625536
1154137523205169152
1154141983595737088
1154284014313836546
1154365942568235009
1154389210989760512
1154464029261225986
1154619647158870018
1154638189308579841
1154665667129421824
1154715637735985155
1154724995811237891
1154770024550359040
1154774826588016640
1154781275300999168
1154791460077805575
1154850624598659077
1155070665692762113
1155166430817599488
1155190670711304194
1155436305104416768
1155469184379346948
1155553177758031872
1155682057223311360
1155853882158931968
1156216244254773250
1156307278842277888
1156323263624204288
1156456662514962433
1156524027604819969
1156544015392788481
1156545106402521088
1156561638851534849
1156594260516515846
1156616614558806017
1156645893451517958
1156800156190302208
1156916649217470464
1156940623267684352
1156954069916934145
1156967512774447104
1157197979251613696
1157295588196700160
1157355378507751424
1157561278778486784
1157785804388937738
1157793809939468289
1157794525902974978
1157983465591230465
1158245340484685824
1158296821690699776
1158409321857847296
1158458083921793032
1158472786366599168
1158481611433885698
1158488897862680576
1158489221197443072
1158644842395787264
1158657057966428160
1158771545336098819
1158826475551956992
1159043068693295105
1159085832923488257
1159331607976841219
1159379117470572550
1159430311052267521
1159442586739912704
1159683902107258882
1159760316848377859
1159840337193394176
1159930781759877121
1160129228702191616
1160144037862678528
1160307493479813127
1160307634215497731
1160435085033844736
1160443219659886592
1160498823485149185
1160500899959246848
1160501092985253893
1160535441432600576
1160606920681672709
1160782895147077632
1160840731327705088
1160858392556113920
1160887492054323201
1160890246000779265
1160978383083331585
1161029031380357121
1161241101786865665
1161252703575715840
1161259024463073280
1161287783996149760
1161582719803043841
1161600354288619520
1161889351380406273
1161889641760546816
1161971981316526080
1162014467422601216
1162027982933909505
1162053904621875200
1162074265824518147
1162092769093070848
1162310725647441920
1162352765957484551
1162627029390561280
1162692180143722496
1162761570625183744
1162825322062057477
1162987018789564416
1163028283879022593
1163150521307488256
1163157233305378817
1163172366924550144
1163375712293859330
1163382317706096640
1163402488432791552
1163405136967942144
1163460227087441921
1163503933228232704
1163527449906483202
1163712517534867461
1163753389056040960
1163796172680650752
1164062486624133120
1164101690167046145
1164208875907821570
1164404566747680769
1164409443146174464
1164438842423877632
1164457107212709891
1164458359371829248
1164463395510345733
1164482766723043328
1164485390696353798
1164549745567834112
1164564666967834625
1164571894340870144
1164583082407661571
1164780527947116545
1164800320142077952
1164858067210711041
1164876517706477568
1164877730091032579
1165169484925210625
1165171464863195138
1165174879601213440
1165619092281266176
1165698925069819905
1165730582678167552
1165752364164419584
1165928671162621952
1165967894796279814
1165985504753586176
1166073681954660352
1166299873035112449
1166334705697996800
1166338187037466624
1166356455907319819
1166397300316528641
1166476040530812928
1166630787946618882
1166683837688143873
1166692964824952833
1166724868030775296
1166724957717565440
1166725377961713664
1166738826963931138
1166792986631557120
1166958585827471360
1166976365469556736
1167060481711988736
1167335316728012800
1167369953546256384
1167379758465933312
1167560060740018183
1167766792191823872
1168097585195827202
1168126586190749696
1168129934600093697
1168191961137913862
1168206875390894081
1168243362153021445
1168258441237995520
1168260125737541633
1168286096242958336
1168295001970880512
1168404630616903681
1168473064088231938
1168527480443088896
1168531341874487296
1168531547957452801
1169126963581259777
1169152972242247680
1169338217906278400
1169542651999334400
1169603952792494080
1169608247881469952
1169850730607308805
1169853660647415810
1169860397794385921
1169888830310060032
1169890293258129414
1169951057742585856
1170005247655387136
1170088308849958912
1170280352893591558
1170312046283567104
1170319445648117762
1170339319225245698
1170379784565731328
1170440272884486152
1170676412371668994
1170683265092599808
1170739147864248320
1170750167148089349
1170792128273952769
1170925339075387393
1171028111871401984
1171066606371442688
1171107851009429505
1171126175722352641
1171128886295519233
1171165057214029826
1171303780836663299
1171304100140597248
1171325499718668289
1171330421080100865
1171335486696251393
1171340240738541569
1171364846186745856
1171416016720670720
1171428499086663680
1171503339307057159
1171716246204796928
1171727511581024256
1171744507181916160
1171770624357933059
1171770628367683584
1171779743257169920
1171825356170498048
1171850625509990400
1171851763521085440
1171861493517824000
1171874826736328705
1172013188516388865
1172050713150726144
1172105240918855680
1172110894236688386
1172113337104117760
1172118871651868672
1172134427851403264
1172229675428515846
1172411318399205377
1172441761320300545
1172444661761208321
1172451232855670784
1172453019784568832
1172454071510425601
1172468142704091136
1172477106879643648
1172499587447308294
1172584619671195651
1172604948586139653
1172852556609011712
1173117317485666304
1173119066585948161
1173277978219991040
1173334744337211392
1173449260492349445
1173700263024242688
1173701513677627392
1174050793248497674
1174246937769496580
1174301782081716225
1174309417849958405
1174324038195453952
1174338553930821633
1174366151574466561
1174425074088259584
1174429190030024705
1174457732201615362
1174550445773262848
1174571981301329922
1174601259439054848
1174602133938802688
1174607158102634496
1174622335095201793
1174623557592244225
1174741784309698562
1174928716570357761
1175033667942592513
1175036752882470913
1175040610643992578
1175047372902215681
1175049556578447360
1175066866554953728
1175078468398305280
1175089375027351552
1175106255532240896
1175107062180786176
1175116053275381765
1175117656644624384
1175127303375990787
1175140616826753025
1175173881977610241
1175311492364820480
1175314397956366336
1175314952594350080
1175343189093474304
1175344598711001089
1175349480897613825
1175392865448579074
1175395214896390145
1175411346449584128
1175419446636273664
1175431355443945472
1175442049086238722
1175453676661596161
1175481972895952896
1175675717096497152
1175691224457588736
1175692106075136001
1175695492535193600
1175720609222930436
1175720625526267904
1175721586671935488
1175789616936488960
1175791578713067521
1175823831765782528
1176012390565105664
1176064229641732099
1176112272244137988
1176114461905772544
1176137794059677699
1176158922048188417
1176159048632324097
1176186254809079808
1176198497399398401
1176235753208242177
1176242279708856320
1176409637500928000
1176426805244387328
1176457777348251652
1176492129272651776
1176518661877710849
1176538005689032704
1176541014225575936
1176593729353846784
1176839851066494976
1176863526922706944
1176880779869216768
1176889660460687361
1176893892404420608
1176895961014120448
1176912038712479744
1176961223377788935
1177145834430959619
1177158979773960193
1177172349126402050
1177176211358978053
1177177256122339328
1177177751838703618
1177186571818348545
1177256968697913346
1177263188422868992
1177273706109919234
1177318425980358656
1177331805575352320
1177332784047755267
1177333795290255379
1177586261160288256
1177590541833375745
1177593321126027270
1177876284019490816
1178265146348593153
1178324472434171905
1178366148913647617
1178574485861146624
1178584212011700224
1178604832174854145
1178609475567210496
1178622147566227456
1178628878526504960
1178629203987697664
1178690709873942530
1178694525461696512
1178774069778567169
1178788436435701766
1178933569760026625
1178937092346396672
1178955632969502720
1179014449270857730
1179066969909321728
1179100275749085184
1179122830799200261
1179132705927245824
1179292200582209536
1179411509044285446
1179421918006534149
1179427420786565125
1179502181982048256
1179508755878285314
1179517037544181760
1179543929177415680
1179642407710797825
1179663061155766272
1179671306566078465
1179725413175742465
1179756002306138113
1179793024378949632
1179856725471584256
1180001469568880641
1180007340663345152
1180053422013325313
1180065029305114629
1180081782387027968
1180418082466127872
1180588659029921792
1180825241255325696
1180842110142038017
1180937423863369729
1180946299878809600
1180969522720841728
1181012647753535490
1181074083909455873
1181089451604418560
1181107002451333120
1181127667896262656
1181135766988177408
1181137682581397504
1181175987175919616
1181184013433749504
1181213800298627072
1181214619949555712
1181231903707410434
1181265600573784067
1181305557757628416
1181450673231159296
1181476601034412032
1181484495180124160
1181491451986923520
1181514016490962944
1181556626702180352
1181610099506372615
1181687141723709445
1181690124058447873
1181833210692550656
1181844020173180929
1181883620111372289
1181910661657452545
1181940065850810368
1181954144053190656
1181977849999351808
1181998303552196609
1182003982211915778
1182033227415982082
1182177970267537411
1182207407247822848
1182232193856397314
1182232269353897984
1182237443384369154
1182300781082484736
1182314084135555073
1182316806498852864
1182318205148250112
1182319291040964610
1182319827588923394
1182321293032644609
1182328738907709440
1182368126421344263
1182511919376281602
1182513698600038400
1182517909417009154
1182546490738331648
1182647739567529985
1182691153621213184
1182731433397440517
1182753383410786306
1182933177461039104
1183122768264679426
1183441318435086336
1183710046535999490
1183756972253962240
1183787115240402944
1183995054467244032
1184059328942227456
1184079506929344512
1184158963962650627
1184221546707066880
1184339426073292800
1184363781205516288
1184413313788235776
1184450731723628544
1184478456740007940
1184509910312214531
1184752404132253697
1184752772052406272
1184779914819657728
1184789660230410241
1184840058391744512
1184865726651338752
1184873835138555911
1184878881070866432
1184883472214745088
1184955704765042689
1185048489442598912
1185066183722184710
1185073886590853121
1185085615525773315
1185122801822453760
1185133156225208321
1185143035602100224
1185178800327401474
1185202701224820736
1185212170319085569
1185220475481448448
1185271645746925569
1185300545172586498
1185438029474914304
1185454203747098624
1185494943273570304
1185517117342441472
1185527726083579904
1185532932687044608
1185540083358846976
1185760360713850882
1185842370966933504
1185844895854026753
1185850072308895744
1185973254026072064
1186194756583542784
1186220461581058050
1186240776465989632
1186270898485186560
1186300531633020929
1186306801890922501
1186310254138662922
1186331063662137346
1186360293812768775
1186360304059539457
1186370006487093248
1186375177531265024
1186582524023181313
1186597056661602305
1186642200312143873
1186656328531492865
1186666705088581633
1186673093151997952
1186678283431227393
1186701070388596737
1186716672985649153
1186735288598614022
1186922292061884416
1186929140701810688
1186935087662845952
1186957360885129216
1187066782902820866
1187105685953220612
1187246236950241280
1187255451102134272
1187272387827585025
1187297309622702081
1187388686243119105
1187445045739294720
1187485129087864833
1187667349509431296
1187709628278284288
1187761862076702722
1187777993852231680
1187796265758838784
1187797258034700288
1188107343566950401
1188347825337307136
1188442912448745472
1188449867280080897
1188460765528895488
1188461095637393408
1188468861496115202
1188508345378004993
1188522153114779653
1188522548415385601
1188535019737899009
1188561889686704128
1188567156109299712
1188700946496401408
1188731763981520896
1188739399116345345
1188774095527305218
1188779627059261440
1188794140022185985
1188801465508356096
1188801685285675008
1188814328016900099
1188872413527851008
1189086029720014848
1189100311526424576
1189118658854952960
1189119116038283264
1189149880578646017
1189152293326938112
1189202848921346048
1189227015125291008
1189227561974468608
1189340052641460225
1189452414518214656
1189459354405216257
1189571700574298113
1189594171767771137
1189639240885440518
1189640594584457220
1189646227627036674
1189670472566419457
1189849584090173440
1189850505507409920
1189945298925375489
1190019220559544325
1190028552269434881
1190044861837316096
1190206012906717185
1190267255998812162
1190640978505453568
1190714291718098944
1190720309969768449
1190739752653402117
1190741068318486530
1190751599175634944
1190900724886114304
1190900978385592320
1190925524622811136
1190926483537170433
1190927351078670337
1191057498767278080
1191081481202028545
1191109928775290882
1191225162437464064
1191301584216563714
1191314696017719296
1191358235195912192
1191403605598883847
1191612887741214720
1191627859821027331
1191648232457351169
1191706026376155136
1191706218206814211
1191710683941031941
1191717408408514561
1191740355420545029
1191756206572015616
1191770659984203776
1191998956823293953
1192012761020141568
1192016737828511745
1192029301903937536
1192034853614751746
1192037825794977792
1192049509326639107
1192049521322348547
1192061891826397184
1192134392782692352
1192167670629773313
1192188400939524097
1192366441552465920
1192402460041711616
1192404259121369088
1192408372005527552
1192408927293595648
1192409377698910209
1192434501290471424
1192447963081170946
1192476160283856898
1192477613576609798
1192529131025707009
1192590378488254467
1192615304301613058
1192632180347940865
1192632253748252672
1192632969850245121
1192706894659538944
1192715641742082048
1192722686792912896
1192723852171923462
1192724883769372672
1192727095002222592
1192729425114279936
1192741663942332417
1192750568881688576
1192754086162161664
1192789290029326336
1192795185400467456
1192844916474425346
1192873432637231107
1192950150324469763
1193076574381326336
1193103907725217792
1193121481754062848
1193127103790813185
1193212307352039431
1193227940118564871
1193439569288613889
1193460307991113728
1193474852050677766
1193475228032282626
1193488573309296640
1193544798990458880
1193644637740777472
1193835515121979392
1193854516757716992
1193915603138023427
1193932149679939585
1193950247615156224
1193979220046864390
1194006962360508417
1194196430082183168
1194205540852936704
1194234152851259394
1194247353492000769
1194359665330663424
1194563904879419392
1194649497311334400
1194651398295699456
1194743977385365504
1194884265420509184
1194935958149439488
1194948518986866691
1194998255651819522
1195015604966739971
1195034641545277444
1195046314511405057
1195052957189980166
1195060179483734019
1195173022140968960
1195229700429361154
1195263506347700224
1195274933632471045
1195286133833445381
1195305082323161088
1195305529507221504
1195338981497561091
1195376786319855616
1195666796038230016
1195730336229085185
1195739802865479682
1195784945056276481
1196004659611291651
1196196082390388736
1196198685086011394
1196370819041107968
1196436062043824128
1196451009716981767
1196457579335094272
1196488770582962176
1196577094077206528
1196665852025823233
1196709136072925185
1196738841933209600
1196870111581417472
1196903319622443008
1197059467894042625
1197087329149759493
1197107384126263298
1197192516002557953
1197203369712074753
1197224676130467848
1197275321520807937
1197442311103406080
1197632226101477382
1197786784891129857
1197814746873049088
1197826052720123905
1197896102982361095
1197952598101364736
1198028701579038720
1198172122872532993
1198176148603191298
1198193892023242752
1198194377266515970
1198240478803746817
1198243688931049472
1198313803403927555
1198549805577986049
1198601381298475008
1198622028674281472
1198637883890053120
1198654001010610178
1198697815611990017
1198714597848571904
1198869227744251905
1198922839421857792
1198962424684187648
1199238984792236032
1199241997590114304
1199276076226269185
1199277381413937153
1199282961717301248
1199284006426173441
1199284011643871233
1199284815582892032
1199295073038548992
1199325819300134912
1199326687982505984
1199330310036631554
1199361745120305152
1199372257614868480
1199382981238050816
1199400914219606017
1199412221346013185
1199437615101095936
1199575938985541633
1199582631584776192
1199612910261153794
1199621506625658880
1199629306764431360
1199633915310493696
1199634594867400707
1199634896953761792
1199635989599313922
1199638013447491584
1199638015032938496
1199639523090685952
1199649601378230272
1199650956314652675
1199652091368820736
1199652512455954433
1199653530958782464
1199655314737512449
1199690703762272256
1199713199005818881
1199727506913411073
1199739745011687424
1199755136580685826
1199778752403771392
1199781165210775554
1200022257273364482
1200040676928425985
1200079923148398597
1200081447828312064
1200091702096269312
1200097117701840896
1200105001844166656
1200330568728223744
1200343766915305473
1200361368618188800
1200384231924535296
1200388861110685696
1200402644147359750
1200414517894828033
1200423086199361536
1200424667082829828
1200459578820960256
1200470890779156481
1200482664974815233
1200509196640366592
1200511219607703554
1200683464959369216
1200797013476024320
1200800550218010631
1200849434256510982
1201182366271709184
1201415356377636865
1201435703370027008
1201775462575484928
1201782080562225152
1201792762816946176
1201846301853437952
1201852294075162624
1201916677925081094
1202204095123050497
1202217145033273345
1202226064996499462
1202260698421747712
1202326019287457793
1202528148363120641
1202648436421599234
1202657078000726016
1202666819821211648
1202863353376456704
1202878620534001664
1202969591703576582
1203010659455291393
1203028098465325056
1203040064110026752
1203101657782992897
1203249862315270144
1203250015671640064
1203275063472087040
1203284271529639937
1203653074415497216
1203677789725036544
1203696100345024512
1203739730749378563
1203753583721750534
1203961703349837825
1203964512149352448
1204031112575631360
1204152429530488834
1204518321036627969
1204688354551488512
1204746440020578305
1204762750016262145
1204764693442826240
1204788015815626752
1205057628331741184
1205064640213987329
1205071715849646085
1205074826840477696
1205075116561973250
1205089080951922688
1205099280811380736
1205156112913387520
1205175243754688514
1205185173148590081
1205191079475236869
1205191684373565444
1205202341668048901
1205211132132245505
1205406498848956417
1205409166178820096
1205424355980795904
1205474363090358273
1205479213970739200
1205479582108934145
1205502143983243266
1205513102638428161
1205540817500352512
1205541493781327872
1205555408301113346
1205637254749839360
1205861665079730176
1205882828367564802
1205904140649533442
1205915769877467137
1205948882355703813
1205967316275646466
1205985821465227266
1206134804112125953
1206186779218468864
1206191320412426240
1206202166815248384
1206204773894164480
1206225543953354754
1206232961944899584
1206306246627868673
1206315491775713288
1206322637246472197
1206337459354841091
1206471941323984897
1206473565849210880
1206525332318294016
1206527854663655424
1206538295699787777
1206573289822466048
1206592531116515328
1206606442947584005
1206697059002265603
1206824951392722944
1206918389131816960
1206930547618004992
1206937667864272897
1206941401801469954
1207001600570675200
1207044409302409218
1207202452187037701
1207212740231811072
1207216503554215938
1207238166039728128
1207246788513677313
1207250381371269121
1207281445351411713
1207304065308352512
1207310020674752514
1207550321171537920
1207619862891319304
1207650111817433088
1207662946018574336
1207681786823815172
1207696606038036480
1207711920201097216
1207734362554417154
1207942801402531840
1208007757275766784
1208011349852340224
1208020683835559938
1208032732397416448
1208062165401387008
1208071510100979712
1208304422167687168
1208385713915531266
1208684770932252672
1208774677927284737
1208823097656303619
1208846517924184064
1208967741790736384
1209039014474506246
1209056299130015744
1209077237837914113
1209117747801722880
1209249664219918337
1209398307371585536
1209422727473483776
1209445341625495554
1209446349663592450
1209462510459539458
1209847940166115330
1209943487812194304
1209964546313601025
1209966244570521600
1210202614257922049
1210207769925689345
1210233883964461056
1210233952436412420
1210343837442478086
1210368761905238021
1210368829945253888
1210500388471869440
1210529511311323136
1210573566233792512
1210577614550777857
1210611390563700738
1210621321870225408
1210645040105709574
1210646346593640449
1210862595160395781
1211232355031146496
1211241553504718849
1211259431113101312
1211342623555948544
1211595423779098624
1211633064096522241
1211712601144659968
1211940755301978113
1211959034078748676
1211962218557956097
1211983572384522240
1212058644164071424
1212313629929947137
1212360461464801282
1212380208927391747
1212422292682268674